Msg-num|Receive time [ms]|Mware time [s]|Send time [nm]|Mail time [s]|Send-to-Server[ms]|Mware-to-Server[s]|Send-to-Mware[s]|Send-to-Email[s]|Mware-to-Email[s]
678|1592293019215|1592293017|1592293016034629918|1592293019|3181|2|1|3|2
679|1592293636655|1592293635|1592293634133697417|1592293636|2522|1|1|2|1
680|1592294249602|1592294248|1592294247123185087|1592294249|2479|1|1|2|1
681|1592294862981|1592294860|1592294859701572175|1592294862|3280|2|1|3|2
682|1592295475683|1592295474|1592295472681473886|1592295475|3002|1|2|3|1
683|1592296087966|1592296086|1592296085433883389|1592296087|2533|1|1|2|1
684|1592296700864|1592296700|1592296698384662562|1592296700|2480|0|2|2|0
685|1592297314600|1592297313|1592297312142220520|1592297314|2458|1|1|2|1
686|1592297928363|1592297926|1592297924930476678|1592297928|3433|2|2|4|2
687|1592298540413|1592298539|1592298537971554178|1592298540|2442|1|2|3|1
688|1592299156051|1592299155|1592299150902032403|1592299155|5149|1|5|5|0
689|1592299766403|1592299765|1592299763885559130|1592299766|2518|1|2|3|1
690|1592300379920|1592300379|1592300377430767670|1592300379|2490|0|2|2|0
691|1592300992729|1592300991|1592300990213852064|1592300992|2516|1|1|2|1
692|1592301611722|1592301610|1592301609190378519|1592301611|2532|1|1|2|1
693|1592302225587|1592302224|1592302223141991132|1592302225|2446|1|1|2|1
694|1592302838855|1592302836|1592302835745371144|1592302838|3110|2|1|3|2
695|1592303451272|1592303450|1592303448515043994|1592303451|2757|1|2|3|1
696|1592304063796|1592304062|1592304060890165731|1592304063|2906|1|2|3|1
697|1592304676185|1592304675|1592304673655935633|1592304676|2530|1|2|3|1
698|1592305288795|1592305287|1592305286045990662|1592305288|2750|1|1|2|1
699|1592305901317|1592305900|1592305898827282662|1592305901|2490|1|2|3|1
700|1592306514120|1592306513|1592306511582406733|1592306514|2538|1|2|3|1
701|1592307126701|1592307125|1592307124154672023|1592307126|2547|1|1|2|1
702|1592307739565|1592307738|1592307736963123176|1592307739|2602|1|2|3|1
703|1592308352042|1592308351|1592308349523834530|1592308351|2519|1|2|2|0
704|1592308964910|1592308963|1592308961694830466|1592308964|3216|1|2|3|1
705|1592309581288|1592309578|1592309574279443786|1592309581|7009|3|4|7|3
706|1592310189635|1592310188|1592310187022598504|1592310189|2613|1|1|2|1
707|1592310802702|1592310801|1592310799613361561|1592310802|3089|1|2|3|1
708|1592311415058|1592311414|1592311412587144829|1592311414|2471|1|2|2|0
709|1592312027656|1592312026|1592312024940084150|1592312027|2716|1|2|3|1
710|1592312645791|1592312639|1592312637940812184|1592312645|7851|6|2|8|6
711|1592313253503|1592313253|1592313250986094341|1592313253|2517|0|3|3|0
712|1592313866885|1592313865|1592313863775635889|1592313866|3110|1|2|3|1
713|1592314479076|1592314478|1592314476563816161|1592314478|2513|1|2|2|0
714|1592315092387|1592315091|1592315089330491137|1592315092|3057|1|2|3|1
715|1592315705318|1592315703|1592315702209801163|1592315705|3109|2|1|3|2
716|1592316317594|1592316316|1592316315150963608|1592316317|2444|1|1|2|1
717|1592316930319|1592316929|1592316927720164471|1592316930|2599|1|2|3|1
718|1592317544355|1592317543|1592317541886644316|1592317544|2469|1|2|3|1
719|1592318157225|1592318155|1592318154631023505|1592318157|2594|2|1|3|2
720|1592318770093|1592318768|1592318766797254425|1592318770|3296|2|2|4|2
721|1592319383036|1592319381|1592319379817858648|1592319382|3219|2|2|3|1
722|1592319995337|1592319994|1592319992810724514|1592319995|2527|1|2|3|1
723|1592320607998|1592320606|1592320605433243766|1592320607|2565|1|1|2|1
724|1592321221235|1592321220|1592321218199222398|1592321221|3036|1|2|3|1
725|1592321833630|1592321832|1592321831190947585|1592321833|2440|1|1|2|1
726|1592322448767|1592322447|1592322446225776894|1592322448|2542|1|1|2|1
727|1592323062505|1592323061|1592323059765587085|1592323062|2740|1|2|3|1
728|1592323675088|1592323674|1592323672531380230|1592323675|2557|1|2|3|1
729|1592324289688|1592324288|1592324284920475180|1592324289|4768|1|4|5|1
730|1592324901493|1592324899|1592324898408207164|1592324901|3085|2|1|3|2
731|1592325513952|1592325513|1592325511530327924|1592325513|2422|0|2|2|0
732|1592326127429|1592326126|1592326124913663383|1592326127|2516|1|2|3|1
733|1592326741446|1592326738|1592326737820351607|1592326741|3626|3|1|4|3
734|1592327353698|1592327352|1592327350691024062|1592327353|3007|1|2|3|1
735|1592327966575|1592327964|1592327963335577958|1592327966|3240|2|1|3|2
736|1592328578930|1592328578|1592328576336910326|1592328578|2594|0|2|2|0
737|1592329192044|1592329190|1592329188677467516|1592329191|3367|2|2|3|1
738|1592329804681|1592329803|1592329802249078481|1592329804|2432|1|1|2|1
739|1592330424984|1592330424|1592330422070359803|1592330424|2914|0|2|2|0
740|1592331039635|1592331038|1592331034877083005|1592331039|4758|1|4|5|1
741|1592331650378|1592331648|1592331647838084881|1592331650|2540|2|1|3|2
742|1592332266322|1592332264|1592332262840764470|1592332266|3482|2|2|4|2
743|1592332878288|1592332877|1592332875818753675|1592332878|2470|1|2|3|1
744|1592333491104|1592333489|1592333488559997325|1592333491|2545|2|1|3|2
745|1592334104338|1592334103|1592334101500316795|1592334104|2838|1|2|3|1
746|1592334715663|1592334714|1592334713050352262|1592334715|2613|1|1|2|1
747|1592335329900|1592335328|1592335327437781108|1592335329|2463|1|1|2|1
748|1592335944637|1592335941|1592335939777463316|1592335944|4860|3|2|5|3
749|1592336556035|1592336555|1592336553546295968|1592336555|2489|1|2|2|0
750|1592337169218|1592337167|1592337166099379078|1592337169|3119|2|1|3|2
751|1592337782405|1592337780|1592337779091923177|1592337782|3314|2|1|3|2
752|1592338395256|1592338393|1592338392178507781|1592338395|3078|2|1|3|2
753|1592339007398|1592339006|1592339004912649473|1592339007|2486|1|2|3|1
754|1592339620641|1592339619|1592339617901457857|1592339620|2740|1|2|3|1
755|1592340247624|1592340246|1592340245129584615|1592340247|2495|1|1|2|1
756|1592340860594|1592340859|1592340858162355395|1592340860|2432|1|1|2|1
757|1592341473582|1592341473|1592341471107700350|1592341473|2475|0|2|2|0
758|1592342086552|1592342085|1592342084122603944|1592342086|2430|1|1|2|1
759|1592342700382|1592342698|1592342696893552528|1592342700|3489|2|2|4|2
760|1592343312270|1592343311|1592343309838987917|1592343312|2432|1|2|3|1
761|1592343924926|1592343924|1592343922473315751|1592343924|2453|0|2|2|0
762|1592344537686|1592344536|1592344535245246437|1592344537|2441|1|1|2|1
763|1592345150745|1592345150|1592345148241241830|1592345150|2504|0|2|2|0
764|1592345763129|1592345762|1592345760616112386|1592345763|2513|1|2|3|1
765|1592346375684|1592346375|1592346373159519007|1592346375|2525|0|2|2|0
766|1592346988491|1592346987|1592346986038843675|1592346988|2453|1|1|2|1
767|1592347601688|1592347599|1592347598630859795|1592347601|3058|2|1|3|2
768|1592348214744|1592348213|1592348211226492889|1592348214|3518|1|2|3|1
769|1592348826931|1592348825|1592348824105481917|1592348826|2826|1|1|2|1
770|1592349441938|1592349440|1592349437067537961|1592349441|4871|1|3|4|1
771|1592350053085|1592350051|1592350050060982026|1592350052|3025|2|1|2|1
772|1592350665095|1592350664|1592350662646537024|1592350665|2449|1|2|3|1
773|1592351277520|1592351276|1592351275077419300|1592351277|2443|1|1|2|1
774|1592351890391|1592351889|1592351887860191657|1592351890|2531|1|2|3|1
775|1592352503123|1592352502|1592352500635038335|1592352503|2488|1|2|3|1
776|1592353116142|1592353114|1592353113646807124|1592353116|2496|2|1|3|2
777|1592353729634|1592353727|1592353726243130475|1592353729|3391|2|1|3|2
778|1592354343405|1592354342|1592354338632878928|1592354343|4773|1|4|5|1
779|1592354953981|1592354952|1592354951439554838|1592354953|2542|1|1|2|1
780|1592355566742|1592355565|1592355564192690803|1592355566|2550|1|1|2|1
781|1592356179266|1592356178|1592356176751925735|1592356179|2515|1|2|3|1
782|1592356791797|1592356790|1592356789331713359|1592356791|2466|1|1|2|1
783|1592357404609|1592357403|1592357402109856079|1592357404|2500|1|1|2|1
784|1592358019914|1592358019|1592358015119395912|1592358019|4795|0|4|4|0
785|1592358630888|1592358629|1592358628147501021|1592358630|2741|1|1|2|1
786|1592359243683|1592359243|1592359241262498428|1592359243|2421|0|2|2|0
787|1592359856493|1592359855|1592359854074464654|1592359856|2419|1|1|2|1
788|1592360470176|1592360468|1592360467061255519|1592360470|3115|2|1|3|2
789|1592361082853|1592361081|1592361079856551726|1592361082|2997|1|2|3|1
790|1592361695359|1592361694|1592361692467096381|1592361695|2892|1|2|3|1
791|1592362307703|1592362306|1592362305260636914|1592362307|2443|1|1|2|1
792|1592362920652|1592362919|1592362918210326111|1592362920|2442|1|1|2|1
793|1592363534132|1592363532|1592363530987370181|1592363534|3145|2|2|4|2
794|1592364147871|1592364145|1592364143763629401|1592364147|4108|2|2|4|2
795|1592364758606|1592364758|1592364756192393480|1592364758|2414|0|2|2|0
796|1592365371530|1592365370|1592365368793362425|1592365371|2737|1|2|3|1
797|1592365984008|1592365982|1592365981564061113|1592365983|2444|2|1|2|1
798|1592366600334|1592366598|1592366594571421485|1592366600|5763|2|4|6|2
799|1592367210183|1592367208|1592367206976122908|1592367210|3207|2|2|4|2
800|1592367822852|1592367821|1592367819727286559|1592367822|3125|1|2|3|1
801|1592368435745|1592368434|1592368432302096591|1592368435|3443|1|2|3|1
802|1592369047805|1592369046|1592369045310343921|1592369047|2495|1|1|2|1
803|1592369660589|1592369660|1592369658129529564|1592369660|2460|0|2|2|0
804|1592370273659|1592370273|1592370271111760775|1592370273|2548|0|2|2|0
805|1592370886929|1592370885|1592370883852447426|1592370886|3077|1|2|3|1
806|1592371499556|1592371498|1592371496409968011|1592371499|3147|1|2|3|1
807|1592372111710|1592372110|1592372109185208676|1592372111|2525|1|1|2|1
808|1592372724250|1592372723|1592372721748259677|1592372724|2502|1|2|3|1
809|1592373337375|1592373335|1592373334347181150|1592373337|3028|2|1|3|2
810|1592373950145|1592373948|1592373947117508933|1592373950|3028|2|1|3|2
811|1592374562670|1592374561|1592374560111080757|1592374562|2559|1|1|2|1
812|1592375174943|1592375173|1592375172508386331|1592375174|2435|1|1|2|1
813|1592375788119|1592375787|1592375785520655650|1592375788|2599|1|2|3|1
814|1592376401018|1592376400|1592376398511873006|1592376400|2507|1|2|2|0
815|1592377013629|1592377013|1592377011079282115|1592377013|2550|0|2|2|0
816|1592377626896|1592377625|1592377623680841196|1592377626|3216|1|2|3|1
817|1592378239901|1592378238|1592378236681733503|1592378239|3220|1|2|3|1
818|1592378853127|1592378850|1592378849442568393|1592378853|3685|3|1|4|3
819|1592379464718|1592379463|1592379462275020084|1592379464|2443|1|1|2|1
820|1592380077155|1592380075|1592380074632484199|1592380077|2523|2|1|3|2
821|1592380690117|1592380689|1592380687596062071|1592380690|2521|1|2|3|1
822|1592381302821|1592381301|1592381300367208969|1592381302|2454|1|1|2|1
823|1592381915306|1592381914|1592381912790357846|1592381915|2516|1|2|3|1
824|1592382527861|1592382527|1592382525384765688|1592382527|2477|0|2|2|0
825|1592383141538|1592383140|1592383138342153516|1592383141|3196|1|2|3|1
826|1592383755046|1592383753|1592383751606838822|1592383754|3440|2|2|3|1
827|1592384366696|1592384365|1592384364187730851|1592384366|2509|1|1|2|1
828|1592384980284|1592384978|1592384977161946448|1592384980|3123|2|1|3|2
829|1592385593109|1592385591|1592385589991872442|1592385593|3118|2|2|4|2
830|1592386208355|1592386206|1592386204262879421|1592386208|4093|2|2|4|2
831|1592386821237|1592386818|1592386816853484288|1592386819|4384|3|2|3|1
832|1592387432902|1592387431|1592387430410005718|1592387432|2492|1|1|2|1
833|1592388046029|1592388045|1592388043428354722|1592388045|2601|1|2|2|0
834|1592388658817|1592388658|1592388656202102628|1592388658|2615|0|2|2|0
835|1592389272630|1592389271|1592389270171687539|1592389272|2459|1|1|2|1
836|1592389885675|1592389884|1592389883135651569|1592389885|2540|1|1|2|1
837|1592390498393|1592390497|1592390495922286747|1592390498|2471|1|2|3|1
838|1592391111374|1592391110|1592391108471229353|1592391111|2903|1|2|3|1
839|1592391723568|1592391722|1592391721045074470|1592391723|2523|1|1|2|1
840|1592392337934|1592392335|1592392333835591587|1592392337|4099|2|2|4|2
841|1592392949785|1592392947|1592392946463244600|1592392949|3322|2|1|3|2
842|1592393562117|1592393560|1592393559564443175|1592393562|2553|2|1|3|2
843|1592394174694|1592394173|1592394172150086850|1592394174|2544|1|1|2|1
844|1592394787624|1592394786|1592394785119711118|1592394787|2505|1|1|2|1
845|1592395400565|1592395400|1592395398094119456|1592395400|2471|0|2|2|0
846|1592396013421|1592396012|1592396010878408849|1592396013|2543|1|2|3|1
847|1592396627575|1592396626|1592396625100992290|1592396627|2475|1|1|2|1
848|1592397241644|1592397239|1592397238120835899|1592397241|3524|2|1|3|2
849|1592397854860|1592397852|1592397850869716671|1592397854|3991|2|2|4|2
850|1592398465502|1592398464|1592398463031503255|1592398465|2471|1|1|2|1
851|1592399079101|1592399077|1592399075791654024|1592399079|3310|2|2|4|2
852|1592399693245|1592399692|1592399688431770763|1592399693|4814|1|4|5|1
853|1592400304721|1592400303|1592400301489890260|1592400304|3232|1|2|3|1
854|1592400917662|1592400915|1592400914547054984|1592400917|3115|2|1|3|2
855|1592401531185|1592401529|1592401527617696726|1592401531|3568|2|2|4|2
856|1592402148624|1592402146|1592402145408504048|1592402148|3216|2|1|3|2
857|1592402760824|1592402759|1592402757944887327|1592402760|2880|1|2|3|1
858|1592403374026|1592403372|1592403370792179852|1592403373|3234|2|2|3|1
859|1592403986281|1592403985|1592403983756650577|1592403986|2525|1|2|3|1
860|1592404599179|1592404598|1592404596546984281|1592404599|2633|1|2|3|1
861|1592405213226|1592405211|1592405210582324342|1592405213|2644|2|1|3|2
862|1592405826008|1592405825|1592405823545487057|1592405825|2463|1|2|2|0
863|1592406440032|1592406438|1592406436307168044|1592406439|3725|2|2|3|1
864|1592407051585|1592407050|1592407049100369420|1592407051|2485|1|1|2|1
865|1592407665198|1592407663|1592407661870667679|1592407665|3328|2|2|4|2
866|1592408277491|1592408276|1592408274958275126|1592408277|2533|1|2|3|1
867|1592408890198|1592408889|1592408887708863414|1592408890|2490|1|2|3|1
868|1592409503809|1592409502|1592409500450646159|1592409503|3359|1|2|3|1
869|1592410115997|1592410114|1592410113428642896|1592410115|2569|1|1|2|1
870|1592410729075|1592410727|1592410726003825772|1592410728|3072|2|1|2|1
871|1592411341101|1592411340|1592411338618770699|1592411341|2483|1|2|3|1
872|1592411954689|1592411952|1592411951591255637|1592411954|3098|2|1|3|2
873|1592412567679|1592412567|1592412565187255503|1592412567|2492|0|2|2|0
874|1592413179520|1592413178|1592413177046281677|1592413179|2474|1|1|2|1
875|1592413793112|1592413792|1592413790597246075|1592413793|2515|1|2|3|1
876|1592414406106|1592414405|1592414403611201303|1592414406|2495|1|2|3|1
877|1592415019747|1592415017|1592415016560999934|1592415019|3187|2|1|3|2
878|1592415632519|1592415631|1592415629110563953|1592415632|3409|1|2|3|1
879|1592416245624|1592416244|1592416242712530230|1592416245|2912|1|2|3|1
880|1592416858212|1592416856|1592416855705716257|1592416858|2507|2|1|3|2
881|1592417472557|1592417471|1592417469493898336|1592417472|3064|1|2|3|1
882|1592418084787|1592418083|1592418082357780022|1592418084|2430|1|1|2|1
883|1592418698502|1592418697|1592418695955940214|1592418698|2547|1|2|3|1
884|1592419320668|1592419319|1592419318210889429|1592419320|2458|1|1|2|1
885|1592419939854|1592419938|1592419937251406247|1592419939|2603|1|1|2|1
886|1592420558843|1592420557|1592420556303763370|1592420558|2540|1|1|2|1
887|1592421179348|1592421178|1592421176756880792|1592421179|2592|1|2|3|1
888|1592421792538|1592421791|1592421789795718005|1592421792|2743|1|2|3|1
889|1592422411799|1592422411|1592422409374078377|1592422411|2425|0|2|2|0
890|1592423033349|1592423032|1592423030464076976|1592423033|2885|1|2|3|1
891|1592423651949|1592423650|1592423649464999186|1592423651|2485|1|1|2|1
892|1592424271038|1592424270|1592424268517765295|1592424270|2521|1|2|2|0
893|1592424890838|1592424889|1592424887569966980|1592424890|3269|1|2|3|1
894|1592425509466|1592425508|1592425506621960020|1592425509|2845|1|2|3|1
895|1592426129107|1592426128|1592426126659022239|1592426129|2448|1|2|3|1
896|1592426747653|1592426747|1592426745126882673|1592426747|2527|0|2|2|0
897|1592427368158|1592427367|1592427365740311496|1592427368|2418|1|2|3|1
898|1592427990025|1592427988|1592427986808525711|1592427989|3217|2|2|3|1
899|1592428605531|1592428602|1592428600772563406|1592428605|4759|3|2|5|3
900|1592429215819|1592429215|1592429213340025864|1592429215|2479|0|2|2|0
901|1592429829508|1592429827|1592429826389192939|1592429829|3119|2|1|3|2
902|1592430442107|1592430441|1592430439213644599|1592430442|2894|1|2|3|1
903|1592431054653|1592431054|1592431052167777877|1592431054|2486|0|2|2|0
904|1592431668034|1592431666|1592431664961303757|1592431667|3073|2|2|3|1
905|1592432279840|1592432279|1592432277331234697|1592432279|2509|0|2|2|0
906|1592432893520|1592432891|1592432890142281910|1592432893|3378|2|1|3|2
907|1592433505406|1592433504|1592433502916227143|1592433505|2490|1|2|3|1
908|1592434117999|1592434117|1592434115573110926|1592434117|2426|0|2|2|0
909|1592434731620|1592434730|1592434728373403558|1592434731|3247|1|2|3|1
910|1592435343655|1592435342|1592435341168402539|1592435343|2487|1|1|2|1
911|1592435956202|1592435955|1592435953770241169|1592435956|2432|1|2|3|1
912|1592436586532|1592436568|1592436566588176529|1592436586|19944|18|2|20|18
913|1592437182139|1592437180|1592437179456995542|1592437182|2683|2|1|3|2
914|1592437800815|1592437800|1592437798247401204|1592437800|2568|0|2|2|0
915|1592438413762|1592438412|1592438411233546384|1592438413|2529|1|1|2|1
916|1592439028711|1592439026|1592439024211710156|1592439028|4500|2|2|4|2
917|1592439641247|1592439638|1592439637230252993|1592439641|4017|3|1|4|3
918|1592440255947|1592440253|1592440250248839727|1592440255|5699|2|3|5|2
919|1592440866228|1592440864|1592440863072182603|1592440866|3156|2|1|3|2
920|1592441478930|1592441477|1592441476052384337|1592441478|2878|1|1|2|1
921|1592442091725|1592442090|1592442088873529409|1592442091|2852|1|2|3|1
922|1592442706075|1592442703|1592442701291160934|1592442705|4784|3|2|4|2
923|1592443316495|1592443315|1592443314090235290|1592443316|2405|1|1|2|1
924|1592443929403|1592443928|1592443926899662118|1592443929|2504|1|2|3|1
925|1592444543266|1592444541|1592444539914512376|1592444543|3352|2|2|4|2
926|1592445155397|1592445154|1592445152911491276|1592445155|2486|1|2|3|1
927|1592445769082|1592445767|1592445765972997161|1592445769|3110|2|2|4|2
928|1592446381977|1592446380|1592446378797871823|1592446381|3180|1|2|3|1
929|1592446995605|1592446993|1592446991802791991|1592446995|3803|2|2|4|2
930|1592447607623|1592447606|1592447604562850453|1592447607|3061|1|2|3|1
931|1592448219346|1592448218|1592448216735308219|1592448219|2611|1|2|3|1
932|1592448831936|1592448831|1592448829522210550|1592448831|2414|0|2|2|0
933|1592449444663|1592449443|1592449442142864113|1592449444|2521|1|1|2|1
934|1592450058342|1592450056|1592450055212716701|1592450058|3130|2|1|3|2
935|1592450671336|1592450670|1592450668213102862|1592450671|3123|1|2|3|1
936|1592451283626|1592451282|1592451280999088789|1592451283|2627|1|2|3|1
937|1592451896519|1592451895|1592451894038038585|1592451896|2481|1|1|2|1
938|1592452509651|1592452508|1592452506834522514|1592452509|2817|1|2|3|1
939|1592453124797|1592453121|1592453119818879043|1592453124|4979|3|2|5|3
940|1592453736036|1592453734|1592453732815818390|1592453735|3221|2|2|3|1
941|1592454348029|1592454347|1592454345609726893|1592454347|2420|1|2|2|0
942|1592454960857|1592454959|1592454958414951171|1592454960|2443|1|1|2|1
943|1592455573633|1592455572|1592455571040966022|1592455573|2593|1|1|2|1
944|1592456187143|1592456185|1592456183893635587|1592456187|3250|2|2|4|2
945|1592456799891|1592456798|1592456796752752549|1592456799|3139|1|2|3|1
946|1592457412620|1592457410|1592457409361620432|1592457412|3259|2|1|3|2
947|1592458024864|1592458024|1592458022367654955|1592458024|2497|0|2|2|0
948|1592458638043|1592458636|1592458635441211632|1592458637|2602|2|1|2|1
949|1592459253827|1592459249|1592459248253361244|1592459253|5574|4|1|5|4
950|1592459863799|1592459862|1592459861067223437|1592459863|2732|1|1|2|1
951|1592460491029|1592460489|1592460488300953775|1592460490|2729|2|1|2|1
952|1592461118030|1592461117|1592461115534558905|1592461117|2496|1|2|2|0
953|1592461740809|1592461739|1592461737767230289|1592461740|3042|1|2|3|1
954|1592462367436|1592462366|1592462365000633597|1592462367|2436|1|1|2|1
955|1592462995348|1592462994|1592462992233523267|1592462995|3115|1|2|3|1
956|1592463622759|1592463621|1592463619468742793|1592463622|3291|1|2|3|1
957|1592464249235|1592464247|1592464246706111317|1592464249|2529|2|1|3|2
958|1592464878245|1592464875|1592464873941701153|1592464878|4304|3|2|5|3
959|1592465489220|1592465488|1592465486749018203|1592465489|2471|1|2|3|1
960|1592466108714|1592466106|1592466104869539775|1592466108|3845|2|2|4|2
961|1592466720357|1592466719|1592466717849421249|1592466720|2508|1|2|3|1
962|1592467333560|1592467332|1592467330456801326|1592467333|3104|1|2|3|1
963|1592467945795|1592467944|1592467942817378940|1592467945|2978|1|2|3|1
964|1592468558310|1592468557|1592468555802687763|1592468558|2508|1|2|3|1
965|1592469170972|1592469170|1592469168398994211|1592469170|2574|0|2|2|0
966|1592469784210|1592469782|1592469781042885382|1592469784|3168|2|1|3|2
967|1592470396369|1592470395|1592470393803757020|1592470396|2566|1|2|3|1
968|1592471008797|1592471008|1592471006334159768|1592471008|2463|0|2|2|0
969|1592471626912|1592471624|1592471619099746869|1592471626|7813|2|5|7|2
970|1592472236090|1592472233|1592472231523579855|1592472236|4567|3|2|5|3
971|1592472847825|1592472846|1592472844471952615|1592472847|3354|1|2|3|1
972|1592473459713|1592473459|1592473457232286052|1592473459|2481|0|2|2|0
973|1592474073178|1592474071|1592474070202646808|1592474073|2976|2|1|3|2
974|1592474685178|1592474684|1592474682633309163|1592474685|2545|1|2|3|1
975|1592475298641|1592475297|1592475295399855213|1592475298|3242|1|2|3|1
976|1592475912536|1592475910|1592475908612078014|1592475912|3924|2|2|4|2
977|1592476524547|1592476523|1592476521671972617|1592476524|2876|1|2|3|1
978|1592477136738|1592477135|1592477134224849198|1592477136|2514|1|1|2|1
979|1592477749673|1592477748|1592477747199038098|1592477749|2474|1|1|2|1
980|1592478362769|1592478362|1592478360170087943|1592478362|2599|0|2|2|0
981|1592478976647|1592478974|1592478973164569978|1592478976|3483|2|1|3|2
982|1592479588799|1592479587|1592479585773356090|1592479588|3026|1|2|3|1
983|1592480200913|1592480200|1592480198382788887|1592480200|2531|0|2|2|0
984|1592480813960|1592480813|1592480811378663783|1592480813|2582|0|2|2|0
985|1592481427443|1592481426|1592481424986050550|1592481427|2457|1|2|3|1
986|1592482041386|1592482039|1592482038382236893|1592482041|3004|2|1|3|2
987|1592482655381|1592482652|1592482651156316169|1592482655|4225|3|1|4|3
988|1592483266623|1592483265|1592483263735334600|1592483266|2888|1|2|3|1
989|1592483879173|1592483878|1592483876712912944|1592483879|2461|1|2|3|1
990|1592484491626|1592484490|1592484489092239339|1592484491|2534|1|1|2|1
991|1592485105356|1592485103|1592485102099477502|1592485105|3257|2|1|3|2
992|1592485717383|1592485716|1592485714918671906|1592485717|2465|1|2|3|1
993|1592486331799|1592486329|1592486327673482203|1592486331|4126|2|2|4|2
994|1592486943540|1592486941|1592486940306039651|1592486943|3234|2|1|3|2
995|1592487556643|1592487555|1592487553519533192|1592487556|3124|1|2|3|1
996|1592488168926|1592488168|1592488166500634021|1592488168|2426|0|2|2|0
997|1592488784897|1592488783|1592488779497738094|1592488784|5400|1|4|5|1
998|1592489397100|1592489396|1592489392280934151|1592489397|4820|1|4|5|1
999|1592490011948|1592490006|1592490004692856545|1592490011|7256|5|2|7|5
1000|1592490620386|1592490619|1592490617668551158|1592490620|2718|1|2|3|1
1001|1592491236706|1592491231|1592491230042227515|1592491236|6664|5|1|6|5
1002|1592491845944|1592491845|1592491843447911061|1592491845|2497|0|2|2|0
1003|1592492459237|1592492458|1592492456454834221|1592492459|2783|1|2|3|1
1004|1592493072783|1592493071|1592493069411589725|1592493072|3372|1|2|3|1
1005|1592493687524|1592493686|1592493682411933846|1592493687|5113|1|4|5|1
1006|1592494297418|1592494296|1592494294987039517|1592494297|2431|1|2|3|1
1007|1592494910646|1592494909|1592494908073813946|1592494910|2573|1|1|2|1
1008|1592495523642|1592495522|1592495520627081722|1592495523|3015|1|2|3|1
1009|1592496135348|1592496134|1592496132833750879|1592496135|2515|1|2|3|1
1010|1592496749870|1592496748|1592496746728982477|1592496749|3142|1|2|3|1
1011|1592497361437|1592497360|1592497358931417497|1592497361|2506|1|2|3|1
1012|1592497974935|1592497973|1592497971899893012|1592497974|3036|1|2|3|1
1013|1592498587741|1592498586|1592498584309031750|1592498587|3432|1|2|3|1
1014|1592499200088|1592499198|1592499197319753449|1592499200|2769|2|1|3|2
1015|1592499812811|1592499811|1592499810294857394|1592499812|2517|1|1|2|1
1016|1592500425574|1592500424|1592500423131132483|1592500425|2443|1|1|2|1
1017|1592501039451|1592501037|1592501036110906939|1592501039|3341|2|1|3|2
1018|1592501651331|1592501650|1592501648745968658|1592501651|2586|1|2|3|1
1019|1592502264741|1592502262|1592502261528266437|1592502264|3213|2|1|3|2
1020|1592502876624|1592502875|1592502874149040014|1592502876|2475|1|1|2|1
1021|1592503489755|1592503488|1592503487168662355|1592503489|2587|1|1|2|1
1022|1592504102685|1592504102|1592504100156791883|1592504102|2529|0|2|2|0
1023|1592504715665|1592504714|1592504712536718886|1592504715|3129|1|2|3|1
1024|1592505327642|1592505326|1592505325102835406|1592505327|2540|1|1|2|1
1025|1592505940604|1592505939|1592505938089213572|1592505940|2515|1|1|2|1
1026|1592506554407|1592506552|1592506550849872218|1592506554|3558|2|2|4|2
1027|1592507168048|1592507167|1592507165461269015|1592507167|2587|1|2|2|0
1028|1592507783004|1592507781|1592507779686999296|1592507782|3318|2|2|3|1
1029|1592508394957|1592508394|1592508392367134945|1592508394|2590|0|2|2|0
1030|1592509007854|1592509006|1592509004915464384|1592509007|2939|1|2|3|1
1031|1592509622955|1592509621|1592509617877638966|1592509622|5078|1|4|5|1
1032|1592510236233|1592510234|1592510230662656166|1592510236|5571|2|4|6|2
1033|1592510845559|1592510844|1592510843049806098|1592510845|2510|1|1|2|1
1034|1592511458846|1592511457|1592511456003309059|1592511458|2843|1|1|2|1
1035|1592512072098|1592512069|1592512068773132599|1592512072|3325|3|1|4|3
1036|1592512684134|1592512683|1592512681543798660|1592512684|2591|1|2|3|1
1037|1592513297068|1592513295|1592513293932927249|1592513296|3136|2|2|3|1
1038|1592513910433|1592513908|1592513906950029140|1592513910|3483|2|2|4|2
1039|1592514523304|1592514521|1592514519754778100|1592514523|3550|2|2|4|2
1040|1592515135658|1592515134|1592515132510007420|1592515135|3148|1|2|3|1
1041|1592515749001|1592515748|1592515746532383296|1592515748|2469|1|2|2|0
1042|1592516363264|1592516361|1592516360271049475|1592516363|2993|2|1|3|2
1043|1592516975644|1592516975|1592516973083765476|1592516975|2561|0|2|2|0
1044|1592517589327|1592517588|1592517586172139328|1592517589|3155|1|2|3|1
1045|1592518202393|1592518201|1592518199821330326|1592518202|2572|1|2|3|1
1046|1592518814869|1592518814|1592518812380803192|1592518814|2489|0|2|2|0
1047|1592519429338|1592519428|1592519424574456893|1592519429|4764|1|4|5|1
1048|1592520039596|1592520038|1592520037141768861|1592520039|2455|1|1|2|1
1049|1592520653022|1592520652|1592520650172404300|1592520652|2850|1|2|2|0
1050|1592521265421|1592521264|1592521262961083539|1592521265|2460|1|2|3|1
1051|1592521878740|1592521877|1592521875568471733|1592521878|3172|1|2|3|1
1052|1592522490897|1592522489|1592522488362045270|1592522490|2535|1|1|2|1
1053|1592523103655|1592523103|1592523101149077074|1592523103|2506|0|2|2|0
1054|1592523716758|1592523715|1592523714171234312|1592523716|2587|1|1|2|1
1055|1592524330526|1592524328|1592524327210120464|1592524330|3316|2|1|3|2
1056|1592524942759|1592524941|1592524939605135612|1592524942|3154|1|2|3|1
1057|1592525555198|1592525554|1592525552382163611|1592525555|2816|1|2|3|1
1058|1592526169371|1592526166|1592526164770159742|1592526169|4601|3|2|5|3
1059|1592526780025|1592526779|1592526777543351005|1592526779|2482|1|2|2|0
1060|1592527393752|1592527392|1592527390566154433|1592527393|3186|1|2|3|1
1061|1592528006594|1592528004|1592528003197171140|1592528006|3397|2|1|3|2
1062|1592528618249|1592528617|1592528615750052727|1592528618|2499|1|2|3|1
1063|1592529231703|1592529230|1592529228530470153|1592529231|3173|1|2|3|1
1064|1592529844031|1592529842|1592529841148504705|1592529843|2883|2|1|2|1
1065|1592530456445|1592530455|1592530453953086472|1592530456|2492|1|2|3|1
1066|1592531070438|1592531068|1592531066921377701|1592531070|3517|2|2|4|2
1067|1592531682816|1592531680|1592531679697791641|1592531682|3119|2|1|3|2
1068|1592532295446|1592532294|1592532292375239205|1592532295|3071|1|2|3|1
1069|1592532907484|1592532906|1592532904985424591|1592532907|2499|1|2|3|1
1070|1592533520256|1592533519|1592533517823493367|1592533520|2433|1|2|3|1
1071|1592534133871|1592534132|1592534130809784962|1592534133|3062|1|2|3|1
1072|1592534745709|1592534744|1592534743225501678|1592534745|2484|1|1|2|1
1073|1592535359441|1592535358|1592535356171227547|1592535359|3270|1|2|3|1
1074|1592535972508|1592535971|1592535969903537940|1592535972|2605|1|2|3|1
1075|1592536586501|1592536584|1592536582901028784|1592536586|3600|2|2|4|2
1076|1592537198393|1592537197|1592537195900185068|1592537198|2493|1|2|3|1
1077|1592537813314|1592537810|1592537808932819460|1592537813|4382|3|2|5|3
1078|1592538425247|1592538423|1592538421538379822|1592538425|3709|2|2|4|2
1079|1592539037503|1592539036|1592539034353512496|1592539037|3150|1|2|3|1
1080|1592539650057|1592539649|1592539647641323059|1592539649|2416|1|2|2|0
1081|1592540263020|1592540261|1592540260500224480|1592540262|2520|2|1|2|1
1082|1592540876034|1592540874|1592540872916643796|1592540875|3118|2|2|3|1
1083|1592541490410|1592541487|1592541485776343850|1592541488|4634|3|2|3|1
1084|1592542101854|1592542100|1592542098741625496|1592542101|3113|1|2|3|1
1085|1592542713928|1592542713|1592542711373203866|1592542713|2555|0|2|2|0
1086|1592543328816|1592543325|1592543324212231649|1592543328|4604|3|1|4|3
1087|1592543940821|1592543939|1592543937219977641|1592543940|3602|1|2|3|1
1088|1592544552481|1592544551|1592544550048578514|1592544552|2433|1|1|2|1
1089|1592545165135|1592545164|1592545162637896984|1592545165|2498|1|2|3|1
1090|1592545777804|1592545776|1592545775293583551|1592545777|2511|1|1|2|1
1091|1592546391089|1592546389|1592546387887257806|1592546391|3202|2|2|4|2
1092|1592547005177|1592547004|1592547000357194274|1592547005|4820|1|4|5|1
1093|1592547615665|1592547614|1592547613160398279|1592547615|2505|1|1|2|1
1094|1592548229254|1592548227|1592548226140991504|1592548229|3114|2|1|3|2
1095|1592548841676|1592548841|1592548839143217268|1592548841|2533|0|2|2|0
1096|1592549455051|1592549453|1592549451992192898|1592549454|3059|2|2|3|1
1097|1592550068118|1592550066|1592550064831586860|1592550068|3287|2|2|4|2
1098|1592550681271|1592550680|1592550678683113698|1592550681|2588|1|2|3|1
1099|1592551295848|1592551294|1592551292264867726|1592551295|3584|1|2|3|1
1100|1592551907433|1592551906|1592551905032472527|1592551907|2401|1|1|2|1
1101|1592552520303|1592552518|1592552517672199948|1592552520|2631|2|1|3|2
1102|1592553133219|1592553132|1592553130291855649|1592553133|2928|1|2|3|1
1103|1592553746423|1592553744|1592553743294849607|1592553746|3129|2|1|3|2
1104|1592554358563|1592554357|1592554356120988890|1592554358|2443|1|1|2|1
1105|1592554971226|1592554970|1592554968737097981|1592554971|2489|1|2|3|1
1106|1592555585203|1592555583|1592555581316254639|1592555585|3887|2|2|4|2
1107|1592556196949|1592556196|1592556194394619596|1592556196|2555|0|2|2|0
1108|1592556809882|1592556809|1592556807352486987|1592556809|2530|0|2|2|0
1109|1592557422615|1592557421|1592557420016315586|1592557422|2599|1|1|2|1
1110|1592558035685|1592558034|1592558032780812412|1592558035|2905|1|2|3|1
1111|1592558648199|1592558646|1592558645597904467|1592558648|2602|2|1|3|2
1112|1592559261080|1592559260|1592559258351076929|1592559261|2729|1|2|3|1
1113|1592559873621|1592559872|1592559871164630353|1592559873|2457|1|1|2|1
1114|1592560487708|1592560485|1592560484126702385|1592560487|3582|2|1|3|2
1115|1592561101800|1592561099|1592561097191405067|1592561101|4609|2|2|4|2
1116|1592561712424|1592561711|1592561709976820866|1592561712|2448|1|2|3|1
1117|1592562325234|1592562324|1592562322768224138|1592562325|2466|1|2|3|1
1118|1592562937950|1592562937|1592562935432285410|1592562937|2518|0|2|2|0
1119|1592563551002|1592563549|1592563548490172778|1592563550|2512|2|1|2|1
1120|1592564163929|1592564163|1592564161314962286|1592564163|2615|0|2|2|0
1121|1592564776345|1592564775|1592564773884516291|1592564776|2461|1|2|3|1
1122|1592565390455|1592565389|1592565387534738897|1592565390|2921|1|2|3|1
1123|1592566003172|1592566002|1592566000362960429|1592566003|2810|1|2|3|1
1124|1592566616728|1592566615|1592566613145625167|1592566616|3583|1|2|3|1
1125|1592567228454|1592567227|1592567225960231527|1592567228|2494|1|2|3|1
1126|1592567841924|1592567840|1592567838910597311|1592567841|3014|1|2|3|1
1127|1592568454012|1592568452|1592568451521721683|1592568453|2491|2|1|2|1
1128|1592569066756|1592569066|1592569064302519130|1592569066|2454|0|2|2|0
1129|1592569679340|1592569678|1592569676879695427|1592569679|2461|1|2|3|1
1130|1592570292356|1592570291|1592570289840161807|1592570292|2516|1|2|3|1
1131|1592570905128|1592570904|1592570902647947157|1592570905|2481|1|2|3|1
1132|1592571518166|1592571517|1592571515604216362|1592571518|2562|1|2|3|1
1133|1592572130638|1592572129|1592572128178424116|1592572130|2460|1|1|2|1
1134|1592572744663|1592572742|1592572740778885439|1592572744|3885|2|2|4|2
1135|1592573356996|1592573355|1592573353750788167|1592573356|3246|1|2|3|1
1136|1592573969294|1592573968|1592573966755782369|1592573969|2539|1|2|3|1
1137|1592574582347|1592574581|1592574579797652007|1592574582|2550|1|2|3|1
1138|1592575196026|1592575194|1592575192790728885|1592575195|3236|2|2|3|1
1139|1592575808878|1592575807|1592575805762511388|1592575808|3116|1|2|3|1
1140|1592576422489|1592576419|1592576418378017509|1592576422|4111|3|1|4|3
1141|1592577034232|1592577032|1592577031205498273|1592577034|3027|2|1|3|2
1142|1592577649830|1592577648|1592577644296676757|1592577649|5534|1|4|5|1
1143|1592578259910|1592578258|1592578256641982600|1592578259|3269|1|2|3|1
1144|1592578871503|1592578870|1592578869012297805|1592578871|2491|1|1|2|1
1145|1592579484385|1592579483|1592579481808028287|1592579484|2577|1|2|3|1
1146|1592580097741|1592580095|1592580094183106348|1592580097|3558|2|1|3|2
1147|1592580709748|1592580709|1592580707169199619|1592580709|2579|0|2|2|0
1148|1592581322279|1592581321|1592581319809964571|1592581322|2470|1|2|3|1
1149|1592581936022|1592581933|1592581932796473266|1592581935|3226|3|1|3|2
1150|1592582548501|1592582547|1592582545795694024|1592582548|2706|1|2|3|1
1151|1592583161249|1592583159|1592583158415707260|1592583161|2834|2|1|3|2
1152|1592583774374|1592583772|1592583771191539575|1592583774|3183|2|1|3|2
1153|1592584387842|1592584386|1592584384232554639|1592584387|3610|1|2|3|1
1154|1592585000264|1592584998|1592584997231645328|1592585000|3033|2|1|3|2
1155|1592585612785|1592585611|1592585609228061923|1592585612|3557|1|2|3|1
1156|1592586224472|1592586223|1592586222016942303|1592586224|2456|1|1|2|1
1157|1592586837458|1592586836|1592586834849608003|1592586837|2609|1|2|3|1
1158|1592587449953|1592587449|1592587447443659343|1592587449|2510|0|2|2|0
1159|1592588062483|1592588062|1592588060033431893|1592588062|2450|0|2|2|0
1160|1592588674892|1592588674|1592588672466066271|1592588674|2426|0|2|2|0
1161|1592589287583|1592589286|1592589285155842974|1592589287|2428|1|1|2|1
1162|1592589901205|1592589900|1592589898169550274|1592589901|3036|1|2|3|1
1163|1592590513702|1592590512|1592590511115387442|1592590513|2587|1|1|2|1
1164|1592591125889|1592591124|1592591123331977563|1592591125|2558|1|1|2|1
1165|1592591738805|1592591738|1592591736361296217|1592591738|2444|0|2|2|0
1166|1592592351533|1592592351|1592592348983065926|1592592351|2550|0|3|3|0
1167|1592592964998|1592592963|1592592962034688793|1592592964|2964|1|1|2|1
1168|1592593577477|1592593576|1592593575033612282|1592593577|2444|1|1|2|1
1169|1592594191180|1592594190|1592594188633082136|1592594191|2547|1|2|3|1
1170|1592594807726|1592594805|1592594801490349866|1592594807|6236|2|4|6|2
1171|1592595416952|1592595416|1592595414493661125|1592595416|2459|0|2|2|0
1172|1592596030498|1592596029|1592596027493828120|1592596030|3005|1|2|3|1
1173|1592596644458|1592596642|1592596641290227894|1592596644|3168|2|1|3|2
1174|1592597257899|1592597255|1592597253929954038|1592597257|3970|2|2|4|2
1175|1592597869467|1592597868|1592597866761757945|1592597869|2706|1|2|3|1
1176|1592598482075|1592598480|1592598479618929190|1592598481|2457|2|1|2|1
1177|1592599095175|1592599094|1592599092653152768|1592599095|2522|1|2|3|1
1178|1592599708961|1592599707|1592599705680095720|1592599708|3281|1|2|3|1
1179|1592600323605|1592600322|1592600318726139665|1592600323|4879|1|4|5|1
1180|1592600934797|1592600933|1592600931588917335|1592600934|3209|1|2|3|1
1181|1592601548541|1592601546|1592601545464666226|1592601548|3077|2|1|3|2
1182|1592602161180|1592602160|1592602158331804422|1592602161|2849|1|2|3|1
1183|1592602773895|1592602773|1592602771378996777|1592602773|2517|0|2|2|0
1184|1592603388491|1592603386|1592603385200370211|1592603388|3291|2|1|3|2
1185|1592604000119|1592603998|1592603997619734800|1592604000|2500|2|1|3|2
1186|1592604613711|1592604612|1592604610370867953|1592604613|3341|1|2|3|1
1187|1592605225870|1592605224|1592605223377963855|1592605225|2493|1|1|2|1
1188|1592605839036|1592605838|1592605836451814434|1592605838|2585|1|2|2|0
1189|1592606452531|1592606450|1592606449118387451|1592606452|3413|2|1|3|2
1190|1592607064328|1592607063|1592607061879905477|1592607064|2449|1|2|3|1
1191|1592607677020|1592607676|1592607674492600761|1592607676|2528|1|2|2|0
1192|1592608289806|1592608288|1592608287372987638|1592608289|2434|1|1|2|1
1193|1592608903149|1592608901|1592608900153177767|1592608903|2996|2|1|3|2
1194|1592609516170|1592609514|1592609512937773464|1592609516|3233|2|2|4|2
1195|1592610128416|1592610127|1592610125818654831|1592610128|2598|1|2|3|1
1196|1592610741972|1592610740|1592610738817242954|1592610741|3155|1|2|3|1
1197|1592611354227|1592611352|1592611351696591561|1592611354|2531|2|1|3|2
1198|1592611967179|1592611966|1592611964708068166|1592611967|2471|1|2|3|1
1199|1592612580116|1592612579|1592612577709369991|1592612580|2407|1|2|3|1
1200|1592613193454|1592613192|1592613190302468243|1592613193|3152|1|2|3|1
1201|1592613806648|1592613805|1592613803352556321|1592613806|3296|1|2|3|1
1202|1592614419229|1592614418|1592614416767312559|1592614419|2462|1|2|3|1
1203|1592615032601|1592615030|1592615029558260525|1592615032|3043|2|1|3|2
1204|1592615645633|1592615643|1592615642417465090|1592615645|3216|2|1|3|2
1205|1592616257972|1592616257|1592616255478304073|1592616257|2494|0|2|2|0
1206|1592616870725|1592616869|1592616868319658267|1592616870|2406|1|1|2|1
1207|1592617484395|1592617483|1592617481353344768|1592617484|3042|1|2|3|1
1208|1592618096794|1592618095|1592618094354676848|1592618096|2440|1|1|2|1
1209|1592618709977|1592618708|1592618707415071913|1592618709|2562|1|1|2|1
1210|1592619322308|1592619321|1592619319822054586|1592619322|2486|1|2|3|1
1211|1592619935991|1592619934|1592619932827515987|1592619935|3164|1|2|3|1
1212|1592620548711|1592620547|1592620545813707795|1592620548|2898|1|2|3|1
1213|1592621161821|1592621160|1592621158607146190|1592621161|3214|1|2|3|1
1214|1592621773967|1592621772|1592621771453512587|1592621773|2514|1|1|2|1
1215|1592622387171|1592622386|1592622384061632689|1592622387|3110|1|2|3|1
1216|1592622999541|1592622998|1592622997111794614|1592622999|2430|1|1|2|1
1217|1592623612989|1592623611|1592623610498722706|1592623612|2491|1|1|2|1
1218|1592624227265|1592624225|1592624223122443633|1592624227|4143|2|2|4|2
1219|1592624838750|1592624837|1592624835564616029|1592624838|3186|1|2|3|1
1220|1592625451740|1592625450|1592625448613534413|1592625451|3127|1|2|3|1
1221|1592626063671|1592626062|1592626061217760556|1592626063|2454|1|1|2|1
1222|1592626676470|1592626675|1592626673994523733|1592626676|2476|1|2|3|1
1223|1592627289772|1592627288|1592627286653034008|1592627289|3119|1|2|3|1
1224|1592627901954|1592627901|1592627899505930008|1592627901|2449|0|2|2|0
1225|1592628514420|1592628513|1592628511973082707|1592628514|2447|1|2|3|1
1226|1592629128065|1592629126|1592629124559803158|1592629128|3506|2|2|4|2
1227|1592629740391|1592629739|1592629737875656619|1592629740|2516|1|2|3|1
1228|1592630354333|1592630352|1592630350621994916|1592630354|3712|2|2|4|2
1229|1592630965454|1592630964|1592630962987274647|1592630965|2467|1|2|3|1
1230|1592631578127|1592631577|1592631575574651543|1592631578|2553|1|2|3|1
1231|1592632191788|1592632189|1592632188178786904|1592632191|3610|2|1|3|2
1232|1592632803709|1592632803|1592632801185586908|1592632803|2524|0|2|2|0
1233|1592633417782|1592633416|1592633414892085780|1592633417|2890|1|2|3|1
1234|1592634030857|1592634029|1592634027862002317|1592634030|2995|1|2|3|1
1235|1592634642976|1592634641|1592634640459646775|1592634642|2517|1|1|2|1
1236|1592635256716|1592635255|1592635253507704047|1592635256|3209|1|2|3|1
1237|1592635869844|1592635867|1592635866287549791|1592635869|3557|2|1|3|2
1238|1592636482655|1592636480|1592636479207578629|1592636482|3448|2|1|3|2
1239|1592637095019|1592637094|1592637092231919673|1592637094|2788|1|2|2|0
1240|1592637707768|1592637706|1592637705255409599|1592637707|2513|1|1|2|1
1241|1592638320615|1592638319|1592638318117136208|1592638320|2498|1|1|2|1
1242|1592638934418|1592638932|1592638931116824227|1592638934|3302|2|1|3|2
1243|1592639547053|1592639545|1592639543715365557|1592639546|3338|2|2|3|1
1244|1592640159117|1592640158|1592640156711469136|1592640159|2406|1|2|3|1
1245|1592640772142|1592640771|1592640769739525856|1592640772|2403|1|2|3|1
1246|1592641385226|1592641384|1592641382731926604|1592641385|2495|1|2|3|1
1247|1592641999003|1592641997|1592641995773464532|1592641998|3230|2|2|3|1
1248|1592642611698|1592642610|1592642608575756295|1592642611|3123|1|2|3|1
1249|1592643223870|1592643222|1592643221366604264|1592643223|2504|1|1|2|1
1250|1592643836836|1592643835|1592643834357773694|1592643836|2479|1|1|2|1
1251|1592644449649|1592644448|1592644447151802332|1592644449|2498|1|1|2|1
1252|1592645062630|1592645061|1592645060135282957|1592645062|2495|1|1|2|1
1253|1592645674977|1592645673|1592645672487572826|1592645674|2490|1|1|2|1
1254|1592646288645|1592646286|1592646285292281579|1592646288|3353|2|1|3|2
1255|1592646900730|1592646899|1592646898081323526|1592646900|2649|1|1|2|1
1256|1592647513683|1592647512|1592647510934101567|1592647513|2749|1|2|3|1
1257|1592648127348|1592648126|1592648123973573663|1592648127|3375|1|3|4|1
1258|1592648739981|1592648738|1592648736741276724|1592648739|3240|1|2|3|1
1259|1592649352207|1592649351|1592649349735400513|1592649352|2472|1|2|3|1
1260|1592649965217|1592649963|1592649962174481725|1592649965|3043|2|1|3|2
1261|1592650577594|1592650576|1592650575145043903|1592650577|2449|1|1|2|1
1262|1592651190197|1592651189|1592651187704801186|1592651190|2493|1|2|3|1
1263|1592651803317|1592651801|1592651800501308254|1592651803|2816|2|1|3|2
1264|1592652415968|1592652415|1592652413293785806|1592652415|2675|0|2|2|0
1265|1592653028904|1592653027|1592653025881848714|1592653028|3023|1|2|3|1
1266|1592653641439|1592653640|1592653638875716003|1592653641|2564|1|2|3|1
1267|1592654254187|1592654253|1592654251662665548|1592654254|2525|1|2|3|1
1268|1592654866986|1592654865|1592654864513402641|1592654866|2473|1|1|2|1
1269|1592655479566|1592655479|1592655477111377116|1592655479|2455|0|2|2|0
1270|1592656093504|1592656091|1592656089948219568|1592656093|3556|2|2|4|2
1271|1592656706018|1592656705|1592656703559624456|1592656705|2459|1|2|2|0
1272|1592657319556|1592657317|1592657316144516657|1592657319|3412|2|1|3|2
1273|1592657932231|1592657930|1592657929127051988|1592657932|3104|2|1|3|2
1274|1592658544370|1592658543|1592658541916005505|1592658544|2454|1|2|3|1
1275|1592659158308|1592659156|1592659154905593464|1592659158|3403|2|2|4|2
1276|1592659770036|1592659769|1592659767487188887|1592659769|2549|1|2|2|0
1277|1592660383480|1592660381|1592660380346542590|1592660383|3134|2|1|3|2
1278|1592660997129|1592660995|1592660994632062006|1592660997|2497|2|1|3|2
1279|1592661610127|1592661608|1592661606998907314|1592661610|3129|2|2|4|2
1280|1592662222285|1592662221|1592662219765590350|1592662222|2520|1|2|3|1
1281|1592662835022|1592662834|1592662832361112635|1592662834|2661|1|2|2|0
1282|1592663447844|1592663447|1592663445384745306|1592663447|2460|0|2|2|0
1283|1592664060670|1592664060|1592664058191586674|1592664060|2479|0|2|2|0
1284|1592664674721|1592664672|1592664671205893320|1592664674|3516|2|1|3|2
1285|1592665286290|1592665285|1592665283782596421|1592665286|2508|1|2|3|1
1286|1592665899625|1592665898|1592665896815057337|1592665899|2810|1|2|3|1
1287|1592666512224|1592666511|1592666509714643265|1592666512|2510|1|2|3|1
1288|1592667125669|1592667124|1592667122282555852|1592667125|3387|1|2|3|1
1289|1592667737454|1592667737|1592667734938193631|1592667737|2516|0|3|3|0
1290|1592668350545|1592668349|1592668347939023280|1592668350|2606|1|2|3|1
1291|1592668963288|1592668962|1592668960793889075|1592668963|2495|1|2|3|1
1292|1592669576109|1592669575|1592669573567134139|1592669576|2542|1|2|3|1
1293|1592670189132|1592670188|1592670186601675473|1592670189|2531|1|2|3|1
1294|1592670802117|1592670800|1592670799266163586|1592670802|2851|2|1|3|2
1295|1592671414367|1592671413|1592671411882698737|1592671414|2485|1|2|3|1
1296|1592672026996|1592672026|1592672024510058732|1592672026|2486|0|2|2|0
1297|1592672640022|1592672638|1592672637504045073|1592672639|2518|2|1|2|1
1298|1592673252765|1592673252|1592673250333269167|1592673252|2432|0|2|2|0
1299|1592673868548|1592673867|1592673863361472228|1592673868|5187|1|4|5|1
1300|1592674478858|1592674477|1592674476400548190|1592674478|2458|1|1|2|1
1301|1592675091533|1592675090|1592675088988676456|1592675091|2545|1|2|3|1
1302|1592675704880|1592675703|1592675702003022432|1592675704|2877|1|1|2|1
1303|1592676319448|1592676315|1592676314813857919|1592676319|4635|4|1|5|4
1304|1592676932823|1592676929|1592676927783228402|1592676932|5040|3|2|5|3
1305|1592677543291|1592677542|1592677540839353856|1592677543|2452|1|2|3|1
1306|1592678158514|1592678157|1592678153715784921|1592678158|4799|1|4|5|1
1307|1592678770080|1592678769|1592678767619491483|1592678770|2461|1|2|3|1
1308|1592679382902|1592679381|1592679380437341306|1592679382|2465|1|1|2|1
1309|1592679996321|1592679994|1592679993698707424|1592679996|2623|2|1|3|2
1310|1592680610892|1592680609|1592680607534033709|1592680610|3358|1|2|3|1
1311|1592681223720|1592681221|1592681220549435949|1592681223|3171|2|1|3|2
1312|1592681836709|1592681834|1592681833515855842|1592681836|3194|2|1|3|2
1313|1592682448786|1592682448|1592682446359952593|1592682448|2427|0|2|2|0
1314|1592683061795|1592683061|1592683059346506705|1592683061|2449|0|2|2|0
1315|1592683674948|1592683673|1592683671722467360|1592683674|3226|1|2|3|1
1316|1592684287640|1592684286|1592684284526023732|1592684287|3114|1|2|3|1
1317|1592684900146|1592684898|1592684897118968417|1592684900|3028|2|1|3|2
1318|1592685512675|1592685511|1592685510175035367|1592685512|2500|1|1|2|1
1319|1592686125490|1592686124|1592686123055376084|1592686125|2435|1|1|2|1
1320|1592686739805|1592686737|1592686736712336038|1592686739|3093|2|1|3|2
1321|1592687352194|1592687351|1592687349718468171|1592687352|2476|1|2|3|1
1322|1592687966012|1592687964|1592687962941645625|1592687965|3071|2|2|3|1
1323|1592688578582|1592688577|1592688575943155482|1592688578|2639|1|2|3|1
1324|1592689192127|1592689190|1592689188826530712|1592689192|3301|2|2|4|2
1325|1592689804799|1592689803|1592689801484467634|1592689804|3315|1|2|3|1
1326|1592690419731|1592690415|1592690414632914101|1592690419|5099|4|1|5|4
1327|1592691029771|1592691029|1592691027223454159|1592691029|2548|0|2|2|0
1328|1592691643114|1592691642|1592691640255371897|1592691643|2859|1|2|3|1
1329|1592692255871|1592692255|1592692253337943983|1592692255|2534|0|2|2|0
1330|1592692869561|1592692868|1592692866351185310|1592692869|3210|1|2|3|1
1331|1592693481867|1592693481|1592693479398112342|1592693481|2469|0|2|2|0
1332|1592694094695|1592694093|1592694092261044601|1592694094|2434|1|1|2|1
1333|1592694707824|1592694706|1592694705320756828|1592694707|2504|1|1|2|1
1334|1592695320611|1592695319|1592695318096161718|1592695320|2515|1|1|2|1
1335|1592695933248|1592695932|1592695930674787320|1592695933|2574|1|2|3|1
1336|1592696546109|1592696545|1592696543673919466|1592696546|2436|1|2|3|1
1337|1592697159764|1592697158|1592697156656441174|1592697159|3108|1|2|3|1
1338|1592697772080|1592697771|1592697769232304470|1592697771|2848|1|2|2|0
1339|1592698384349|1592698383|1592698381883785018|1592698384|2466|1|2|3|1
1340|1592698997618|1592698996|1592698994493545071|1592698997|3125|1|2|3|1
1341|1592699609836|1592699609|1592699607358625877|1592699609|2478|0|2|2|0
1342|1592700223419|1592700221|1592700220176863817|1592700223|3243|2|1|3|2
1343|1592700835834|1592700834|1592700832756775554|1592700835|3078|1|2|3|1
1344|1592701448871|1592701447|1592701445593379719|1592701448|3278|1|2|3|1
1345|1592702061133|1592702060|1592702058644400186|1592702061|2489|1|2|3|1
1346|1592702674957|1592702672|1592702671437736083|1592702674|3520|2|1|3|2
1347|1592703287197|1592703286|1592703284518695328|1592703287|2679|1|2|3|1
1348|1592703900146|1592703899|1592703897650627505|1592703900|2496|1|2|3|1
1349|1592704513753|1592704512|1592704510695197079|1592704513|3058|1|2|3|1
1350|1592705126850|1592705126|1592705124292457003|1592705126|2558|0|2|2|0
1351|1592705739097|1592705737|1592705736308993075|1592705739|2789|2|1|3|2
1352|1592706351976|1592706350|1592706349117017787|1592706351|2859|1|1|2|1
1353|1592706964201|1592706963|1592706961750300184|1592706964|2451|1|2|3|1
1354|1592707578514|1592707576|1592707574765092313|1592707578|3749|2|2|4|2
1355|1592708191009|1592708189|1592708187798513564|1592708190|3211|2|2|3|1
1356|1592708803840|1592708802|1592708800847395900|1592708803|2993|1|2|3|1
1357|1592709418762|1592709415|1592709413606129730|1592709418|5156|3|2|5|3
1358|1592710029487|1592710028|1592710026228963031|1592710029|3259|1|2|3|1
1359|1592710641270|1592710640|1592710638806941660|1592710641|2464|1|2|3|1
1360|1592711254219|1592711252|1592711251695389798|1592711254|2524|2|1|3|2
1361|1592711867810|1592711866|1592711864655158278|1592711867|3155|1|2|3|1
1362|1592712479929|1592712478|1592712477467546043|1592712479|2462|1|1|2|1
1363|1592713092907|1592713092|1592713090460918036|1592713092|2447|0|2|2|0
1364|1592713705745|1592713704|1592713703060055322|1592713705|2685|1|1|2|1
1365|1592714318665|1592714317|1592714316132737752|1592714318|2533|1|1|2|1
1366|1592714931648|1592714931|1592714929164498728|1592714931|2484|0|2|2|0
1367|1592715545249|1592715543|1592715542196766673|1592715545|3053|2|1|3|2
1368|1592716157101|1592716156|1592716154635387447|1592716157|2466|1|2|3|1
1369|1592716769992|1592716769|1592716767403876713|1592716769|2589|0|2|2|0
1370|1592717382886|1592717381|1592717380374221370|1592717382|2512|1|1|2|1
1371|1592717995629|1592717995|1592717993150149898|1592717995|2479|0|2|2|0
1372|1592718608807|1592718608|1592718606162158765|1592718608|2645|0|2|2|0
1373|1592719221608|1592719220|1592719219196632676|1592719221|2412|1|1|2|1
1374|1592719835663|1592719834|1592719831996956029|1592719835|3667|1|3|4|1
1375|1592720447348|1592720446|1592720444796794846|1592720447|2552|1|2|3|1
1376|1592721060927|1592721059|1592721057863706559|1592721060|3064|1|2|3|1
1377|1592721674255|1592721671|1592721670856595280|1592721674|3399|3|1|4|3
1378|1592722288464|1592722285|1592722284374859042|1592722288|4090|3|1|4|3
1379|1592722899948|1592722898|1592722896821189969|1592722899|3127|1|2|3|1
1380|1592723512043|1592723511|1592723509422746988|1592723511|2621|1|2|2|0
1381|1592724124783|1592724123|1592724122211615396|1592724124|2572|1|1|2|1
1382|1592724737246|1592724736|1592724734750507238|1592724737|2496|1|2|3|1
1383|1592725350322|1592725349|1592725347595730154|1592725350|2727|1|2|3|1
1384|1592725963167|1592725962|1592725960612583463|1592725963|2555|1|2|3|1
1385|1592726576053|1592726574|1592726573598696326|1592726575|2455|2|1|2|1
1386|1592727189662|1592727188|1592727186609211452|1592727189|3053|1|2|3|1
1387|1592727801918|1592727800|1592727798787971204|1592727801|3131|1|2|3|1
1388|1592728414911|1592728413|1592728411764610166|1592728414|3147|1|2|3|1
1389|1592729027238|1592729026|1592729024753735429|1592729027|2485|1|2|3|1
1390|1592729639721|1592729639|1592729637263805875|1592729639|2458|0|2|2|0
1391|1592730254134|1592730251|1592730250253144296|1592730254|3881|3|1|4|3
1392|1592730866906|1592730865|1592730863041834813|1592730866|3865|1|2|3|1
1393|1592731477811|1592731477|1592731475225976342|1592731477|2586|0|2|2|0
1394|1592732091512|1592732090|1592732088799305750|1592732091|2713|1|2|3|1
1395|1592732704228|1592732703|1592732701815971797|1592732704|2413|1|2|3|1
1396|1592733317844|1592733316|1592733314609337629|1592733317|3235|1|2|3|1
1397|1592733930580|1592733929|1592733927203363907|1592733930|3377|1|2|3|1
1398|1592734542937|1592734541|1592734539371621166|1592734542|3566|1|2|3|1
1399|1592735154889|1592735154|1592735152365078136|1592735154|2524|0|2|2|0
1400|1592735767606|1592735766|1592735765162040214|1592735767|2444|1|1|2|1
1401|1592736381378|1592736380|1592736378129978154|1592736381|3249|1|2|3|1
1402|1592736994746|1592736994|1592736992194659849|1592736994|2552|0|2|2|0
1403|1592737607852|1592737607|1592737605012195445|1592737607|2840|0|2|2|0
1404|1592738220777|1592738219|1592738217813889007|1592738220|2964|1|2|3|1
1405|1592738833746|1592738832|1592738830391435630|1592738833|3355|1|2|3|1
1406|1592739445964|1592739444|1592739443385310331|1592739445|2579|1|1|2|1
1407|1592740059789|1592740058|1592740056426260504|1592740059|3363|1|2|3|1
1408|1592740672343|1592740670|1592740668648909609|1592740672|3695|2|2|4|2
1409|1592741284175|1592741283|1592741281713121447|1592741284|2462|1|2|3|1
1410|1592741898069|1592741896|1592741894559287606|1592741897|3510|2|2|3|1
1411|1592742510083|1592742509|1592742507558842833|1592742510|2525|1|2|3|1
1412|1592743123267|1592743121|1592743120153152722|1592743123|3114|2|1|3|2
1413|1592743735899|1592743733|1592743732690076951|1592743735|3209|2|1|3|2
1414|1592744348909|1592744347|1592744345693449032|1592744348|3216|1|2|3|1
1415|1592744961019|1592744960|1592744958498635311|1592744960|2521|1|2|2|0
1416|1592745574028|1592745573|1592745571480642393|1592745573|2548|1|2|2|0
1417|1592746187971|1592746185|1592746184093790613|1592746187|3878|2|1|3|2
1418|1592746799195|1592746798|1592746796702323411|1592746799|2493|1|2|3|1
1419|1592747414225|1592747412|1592747411141276765|1592747414|3084|2|1|3|2
1420|1592748026495|1592748025|1592748023363731015|1592748026|3132|1|2|3|1
1421|1592748638921|1592748638|1592748636393885898|1592748638|2528|0|2|2|0
1422|1592749252014|1592749250|1592749248762310149|1592749251|3252|2|2|3|1
1423|1592749864930|1592749863|1592749861796838889|1592749864|3134|1|2|3|1
1424|1592750481937|1592750481|1592750474625261299|1592750481|7312|0|7|7|0
1425|1592751090277|1592751089|1592751087400169186|1592751090|2877|1|2|3|1
1426|1592751703894|1592751702|1592751700396952275|1592751703|3498|1|2|3|1
1427|1592752316273|1592752314|1592752313207504450|1592752316|3066|2|1|3|2
1428|1592752928484|1592752927|1592752926040761450|1592752928|2444|1|1|2|1
1429|1592753541638|1592753540|1592753538623356389|1592753541|3015|1|2|3|1
1430|1592754153894|1592754152|1592754151188922480|1592754153|2706|1|1|2|1
1431|1592754767284|1592754765|1592754763972806892|1592754767|3312|2|2|4|2
1432|1592755380028|1592755378|1592755376980222731|1592755379|3048|2|2|3|1
1433|1592755994320|1592755993|1592755989569392791|1592755994|4751|1|4|5|1
1434|1592756605183|1592756603|1592756602574966546|1592756605|2609|2|1|3|2
1435|1592757218107|1592757217|1592757215659127156|1592757218|2448|1|2|3|1
1436|1592757832899|1592757831|1592757828099477142|1592757832|4800|1|3|4|1
1437|1592758442947|1592758442|1592758440497191781|1592758442|2450|0|2|2|0
1438|1592759056395|1592759054|1592759053670282912|1592759056|2725|2|1|3|2
1439|1592759668969|1592759667|1592759666467783100|1592759668|2502|1|1|2|1
1440|1592760285744|1592760284|1592760280105903714|1592760285|5639|1|4|5|1
1441|1592760896773|1592760895|1592760894296525672|1592760896|2477|1|1|2|1
1442|1592761510166|1592761508|1592761507206717337|1592761510|2960|2|1|3|2
1443|1592762122796|1592762122|1592762120205053299|1592762122|2591|0|2|2|0
1444|1592762735505|1592762734|1592762733008838532|1592762735|2497|1|1|2|1
1445|1592763349619|1592763348|1592763347121489579|1592763349|2498|1|1|2|1
1446|1592763962689|1592763962|1592763960151506722|1592763962|2538|0|2|2|0
1447|1592764577201|1592764574|1592764572965914799|1592764577|4236|3|2|5|3
1448|1592765188013|1592765186|1592765185610643819|1592765187|2403|2|1|2|1
1449|1592765800993|1592765800|1592765798427676662|1592765800|2566|0|2|2|0
1450|1592766414960|1592766412|1592766410928396437|1592766414|4032|2|2|4|2
1451|1592767026635|1592767024|1592767023455469351|1592767026|3180|2|1|3|2
1452|1592767639480|1592767638|1592767636076328939|1592767639|3404|1|2|3|1
1453|1592768254819|1592768252|1592768248840044613|1592768254|5979|2|4|6|2
1454|1592768864415|1592768863|1592768861854191445|1592768864|2561|1|2|3|1
1455|1592769477683|1592769476|1592769474676591841|1592769477|3007|1|2|3|1
1456|1592770090030|1592770089|1592770087539967755|1592770089|2491|1|2|2|0
1457|1592770705729|1592770703|1592770701773217114|1592770705|3956|2|2|4|2
1458|1592771317238|1592771315|1592771314765444154|1592771317|2473|2|1|3|2
1459|1592771930395|1592771929|1592771927884482266|1592771930|2511|1|2|3|1
1460|1592772543243|1592772541|1592772540772214312|1592772543|2471|2|1|3|2
1461|1592773155927|1592773155|1592773153391768620|1592773155|2536|0|2|2|0
1462|1592773768749|1592773767|1592773766253565088|1592773768|2496|1|1|2|1
1463|1592774384320|1592774383|1592774378817771060|1592774384|5503|1|5|6|1
1464|1592774995017|1592774993|1592774991811088380|1592774994|3206|2|2|3|1
1465|1592775607566|1592775606|1592775605035828142|1592775607|2531|1|1|2|1
1466|1592776221313|1592776220|1592776218841129197|1592776221|2472|1|2|3|1
1467|1592776834675|1592776833|1592776832142159654|1592776834|2533|1|1|2|1
1468|1592777448443|1592777446|1592777445149020118|1592777448|3294|2|1|3|2
1469|1592778060480|1592778059|1592778057966873732|1592778060|2514|1|2|3|1
1470|1592778672954|1592778672|1592778670377426324|1592778672|2577|0|2|2|0
1471|1592779285617|1592779284|1592779283148684882|1592779285|2469|1|1|2|1
1472|1592779898433|1592779897|1592779895945192622|1592779898|2488|1|2|3|1
1473|1592780511001|1592780509|1592780508533127251|1592780510|2468|2|1|2|1
1474|1592781123917|1592781122|1592781121125593842|1592781123|2792|1|1|2|1
1475|1592781736424|1592781735|1592781733891856242|1592781736|2533|1|2|3|1
1476|1592782349508|1592782348|1592782346984932702|1592782349|2524|1|2|3|1
1477|1592782962690|1592782961|1592782959990993121|1592782962|2700|1|2|3|1
1478|1592783575414|1592783574|1592783572966158004|1592783575|2448|1|2|3|1
1479|1592784188386|1592784187|1592784185961074189|1592784188|2425|1|2|3|1
1480|1592784801383|1592784800|1592784798965405731|1592784801|2418|1|2|3|1
1481|1592785414172|1592785413|1592785411755323346|1592785414|2417|1|2|3|1
1482|1592786028030|1592786026|1592786024722606720|1592786027|3308|2|2|3|1
1483|1592786640842|1592786639|1592786637762040941|1592786640|3080|1|2|3|1
1484|1592787252816|1592787251|1592787250371165886|1592787252|2445|1|1|2|1
1485|1592787866418|1592787865|1592787863421696776|1592787866|2997|1|2|3|1
1486|1592788479465|1592788478|1592788476410134615|1592788479|3055|1|2|3|1
1487|1592789092055|1592789090|1592789088882757015|1592789091|3173|2|2|3|1
1488|1592789704298|1592789703|1592789701672869246|1592789704|2626|1|2|3|1
1489|1592790317266|1592790315|1592790314315517911|1592790317|2951|2|1|3|2
1490|1592790929408|1592790928|1592790926921652496|1592790929|2487|1|2|3|1
1491|1592791542554|1592791541|1592791539527368296|1592791542|3027|1|2|3|1
1492|1592792156409|1592792153|1592792152571046576|1592792156|3838|3|1|4|3
1493|1592792768569|1592792766|1592792764948553206|1592792768|3621|2|2|4|2
1494|1592793381162|1592793379|1592793378007413345|1592793381|3155|2|1|3|2
1495|1592793993294|1592793992|1592793990803924582|1592793993|2491|1|2|3|1
1496|1592794607013|1592794605|1592794603808671333|1592794606|3205|2|2|3|1
1497|1592795219901|1592795218|1592795216789685239|1592795219|3112|1|2|3|1
1498|1592795833136|1592795831|1592795830012933928|1592795833|3124|2|1|3|2
1499|1592796446727|1592796445|1592796443597959741|1592796446|3130|1|2|3|1
1500|1592797058703|1592797058|1592797056192964716|1592797058|2511|0|2|2|0
1501|1592797671280|1592797670|1592797668777728829|1592797671|2503|1|2|3|1
1502|1592798284082|1592798283|1592798281603012207|1592798284|2479|1|2|3|1
1503|1592798897845|1592798896|1592798894655354405|1592798897|3190|1|2|3|1
1504|1592799510205|1592799508|1592799507090655018|1592799510|3115|2|1|3|2
1505|1592800122700|1592800121|1592800119691376006|1592800122|3009|1|2|3|1
1506|1592800736033|1592800734|1592800732484746408|1592800735|3549|2|2|3|1
1507|1592801347634|1592801346|1592801345125756193|1592801347|2509|1|1|2|1
1508|1592801961129|1592801960|1592801958080159371|1592801961|3049|1|2|3|1
1509|1592802574017|1592802572|1592802570677249405|1592802573|3340|2|2|3|1
1510|1592803185591|1592803184|1592803183087926648|1592803185|2504|1|1|2|1
1511|1592803799309|1592803797|1592803795698735618|1592803799|3611|2|2|4|2
1512|1592804411900|1592804410|1592804408721175808|1592804411|3179|1|2|3|1
1513|1592805025300|1592805023|1592805021718010734|1592805025|3582|2|2|4|2
1514|1592805637297|1592805635|1592805634107924842|1592805637|3190|2|1|3|2
1515|1592806250400|1592806248|1592806247142168538|1592806250|3258|2|1|3|2
1516|1592806864365|1592806861|1592806859751973742|1592806864|4614|3|2|5|3
1517|1592807476132|1592807474|1592807472761831508|1592807476|3371|2|2|4|2
1518|1592808087830|1592808086|1592808085333723495|1592808087|2497|1|1|2|1
1519|1592808700556|1592808699|1592808697692474351|1592808700|2864|1|2|3|1
