Msg-num|Receive time [ms]|Mware time [s]|Send time [nm]|Mail time [s]|Send-to-Server[ms]|Mware-to-Server[s]|Send-to-Mware[s]|Send-to-Email[s]|Mware-to-Email[s]
2|1591877638649|1591877638|1591877636042174407|1591877638|2607|0|2|2|0
2|1591877708666|1591877638|1591877636042174407|1591877638|72624|70|2|2|0
2|1591877838717|1591877638|1591877636042174407|1591877638|202675|200|2|2|0
2|1591878088762|1591877638|1591877636042174407|1591877638|452720|450|2|2|0
3|1591878251346|1591878250|1591878248786716711|1591878251|2560|1|2|3|1
3|1591878321373|1591878250|1591878248786716711|1591878251|72587|71|2|3|1
3|1591878451424|1591878250|1591878248786716711|1591878251|202638|201|2|3|1
3|1591878701475|1591878250|1591878248786716711|1591878251|452689|451|2|3|1
4|1591878864911|1591878864|1591878862379904342|1591878864|2532|0|2|2|0
4|1591878934940|1591878864|1591878862379904342|1591878864|72561|70|2|2|0
4|1591879064981|1591878864|1591878862379904342|1591878864|202602|200|2|2|0
4|1591879315029|1591878864|1591878862379904342|1591878864|452650|451|2|2|0
5|1591879477335|1591879476|1591879474518043131|1591879477|2817|1|2|3|1
5|1591879547378|1591879476|1591879474518043131|1591879477|72860|71|2|3|1
5|1591879677419|1591879476|1591879474518043131|1591879477|202901|201|2|3|1
5|1591879927470|1591879476|1591879474518043131|1591879477|452952|451|2|3|1
6|1591880089917|1591880089|1591880087320077878|1591880089|2597|0|2|2|0
6|1591880159961|1591880089|1591880087320077878|1591880089|72641|70|2|2|0
6|1591880290012|1591880089|1591880087320077878|1591880089|202692|201|2|2|0
6|1591880540058|1591880089|1591880087320077878|1591880089|452738|451|2|2|0
7|1591880702297|1591880701|1591880699886219560|1591880702|2411|1|2|3|1
7|1591880772342|1591880701|1591880699886219560|1591880702|72456|71|2|3|1
7|1591880902385|1591880701|1591880699886219560|1591880702|202499|201|2|3|1
7|1591881152435|1591880701|1591880699886219560|1591880702|452549|451|2|3|1
8|1591881316749|1591881316|1591881314286649107|1591881316|2463|0|2|2|0
8|1591881386795|1591881316|1591881314286649107|1591881316|72509|70|2|2|0
8|1591881516852|1591881316|1591881314286649107|1591881316|202566|200|2|2|0
8|1591881766909|1591881316|1591881314286649107|1591881316|452623|450|2|2|0
9|1591881932106|1591881930|1591881928876794875|1591881932|3230|2|2|4|2
9|1591882002153|1591881930|1591881928876794875|1591881932|73277|72|2|4|2
9|1591882132194|1591881930|1591881928876794875|1591881932|203318|202|2|4|2
9|1591882382241|1591881930|1591881928876794875|1591881932|453365|452|2|4|2
10|1591882543550|1591882541|1591882540446926923|1591882543|3104|2|1|3|2
10|1591882613596|1591882541|1591882540446926923|1591882543|73150|72|1|3|2
10|1591882743640|1591882541|1591882540446926923|1591882543|203194|202|1|3|2
10|1591882993683|1591882541|1591882540446926923|1591882543|453237|452|1|3|2
11|1591883158662|1591883156|1591883153171005427|1591883158|5491|2|3|5|2
11|1591883228704|1591883156|1591883153171005427|1591883158|75533|72|3|5|2
11|1591883358747|1591883156|1591883153171005427|1591883158|205576|202|3|5|2
11|1591883608793|1591883156|1591883153171005427|1591883158|455622|452|3|5|2
12|1591883768263|1591883766|1591883765117586309|1591883768|3146|2|1|3|2
12|1591883838316|1591883766|1591883765117586309|1591883768|73199|72|1|3|2
12|1591883968353|1591883766|1591883765117586309|1591883768|203236|202|1|3|2
12|1591884218397|1591883766|1591883765117586309|1591883768|453280|452|1|3|2
13|1591884382413|1591884381|1591884379921028805|1591884382|2492|1|2|3|1
13|1591884452457|1591884381|1591884379921028805|1591884382|72536|71|2|3|1
13|1591884582500|1591884381|1591884379921028805|1591884382|202579|201|2|3|1
13|1591884832543|1591884381|1591884379921028805|1591884382|452622|451|2|3|1
14|1591884995402|1591884994|1591884992912492975|1591884995|2490|1|2|3|1
14|1591885065446|1591884994|1591884992912492975|1591884995|72534|71|2|3|1
14|1591885195489|1591884994|1591884992912492975|1591884995|202577|201|2|3|1
14|1591885445621|1591884994|1591884992912492975|1591884995|452709|451|2|3|1
15|1591885607913|1591885606|1591885605480921518|1591885607|2433|1|1|2|1
15|1591885677957|1591885606|1591885605480921518|1591885607|72477|71|1|2|1
15|1591885808021|1591885606|1591885605480921518|1591885607|202541|202|1|2|1
15|1591886058048|1591885606|1591885605480921518|1591885607|452568|452|1|2|1
16|1591886221507|1591886220|1591886218427059795|1591886221|3080|1|2|3|1
16|1591886291555|1591886220|1591886218427059795|1591886221|73128|71|2|3|1
16|1591886421598|1591886220|1591886218427059795|1591886221|203171|201|2|3|1
16|1591886671648|1591886220|1591886218427059795|1591886221|453221|451|2|3|1
17|1591886833639|1591886832|1591886831183268190|1591886833|2456|1|1|2|1
17|1591886903692|1591886832|1591886831183268190|1591886833|72509|71|1|2|1
17|1591887033733|1591886832|1591886831183268190|1591886833|202550|201|1|2|1
17|1591887283781|1591886832|1591886831183268190|1591886833|452598|451|1|2|1
18|1591887447200|1591887445|1591887444130257422|1591887447|3070|2|1|3|2
18|1591887517248|1591887445|1591887444130257422|1591887447|73118|72|1|3|2
18|1591887647296|1591887445|1591887444130257422|1591887447|203166|202|1|3|2
18|1591887897359|1591887445|1591887444130257422|1591887447|453229|452|1|3|2
19|1591888059283|1591888058|1591888056701260598|1591888059|2582|1|2|3|1
19|1591888129330|1591888058|1591888056701260598|1591888059|72629|71|2|3|1
19|1591888259379|1591888058|1591888056701260598|1591888059|202678|201|2|3|1
19|1591888509420|1591888058|1591888056701260598|1591888059|452719|451|2|3|1
20|1591888671550|1591888671|1591888669070079436|1591888671|2480|0|2|2|0
20|1591888741607|1591888671|1591888669070079436|1591888671|72537|70|2|2|0
20|1591888871639|1591888671|1591888669070079436|1591888671|202569|200|2|2|0
20|1591889121687|1591888671|1591888669070079436|1591888671|452617|450|2|2|0
21|1591889284318|1591889283|1591889281833359196|1591889284|2485|1|2|3|1
21|1591889354362|1591889283|1591889281833359196|1591889284|72529|71|2|3|1
21|1591889484407|1591889283|1591889281833359196|1591889284|202574|201|2|3|1
21|1591889734449|1591889283|1591889281833359196|1591889284|452616|451|2|3|1
22|1591889897278|1591889896|1591889894801449100|1591889897|2477|1|2|3|1
22|1591889967354|1591889896|1591889894801449100|1591889897|72553|71|2|3|1
22|1591890097402|1591889896|1591889894801449100|1591889897|202601|201|2|3|1
22|1591890347446|1591889896|1591889894801449100|1591889897|452645|451|2|3|1
23|1591890510370|1591890508|1591890507336881934|1591890510|3034|2|1|3|2
23|1591890580421|1591890508|1591890507336881934|1591890510|73085|72|1|3|2
23|1591890710467|1591890508|1591890507336881934|1591890510|203131|202|1|3|2
23|1591890960511|1591890508|1591890507336881934|1591890510|453175|452|1|3|2
24|1591891123403|1591891122|1591891120331042321|1591891123|3072|1|2|3|1
24|1591891193446|1591891122|1591891120331042321|1591891123|73115|71|2|3|1
24|1591891323487|1591891122|1591891120331042321|1591891123|203156|201|2|3|1
24|1591891573542|1591891122|1591891120331042321|1591891123|453211|451|2|3|1
25|1591891736779|1591891735|1591891733926461316|1591891736|2853|1|2|3|1
25|1591891806823|1591891735|1591891733926461316|1591891736|72897|71|2|3|1
25|1591891936869|1591891735|1591891733926461316|1591891736|202943|201|2|3|1
25|1591892186920|1591891735|1591891733926461316|1591891736|452994|451|2|3|1
26|1591892349075|1591892348|1591892346467265632|1591892348|2608|1|2|2|0
26|1591892419113|1591892348|1591892346467265632|1591892348|72646|71|2|2|0
26|1591892549166|1591892348|1591892346467265632|1591892348|202699|201|2|2|0
26|1591892799214|1591892348|1591892346467265632|1591892348|452747|451|2|2|0
27|1591892961719|1591892961|1591892959060223886|1591892961|2659|0|2|2|0
27|1591893031765|1591892961|1591892959060223886|1591892961|72705|70|2|2|0
27|1591893161808|1591892961|1591892959060223886|1591892961|202748|200|2|2|0
27|1591893411852|1591892961|1591892959060223886|1591892961|452792|450|2|2|0
28|1591893575136|1591893573|1591893572099214121|1591893575|3037|2|1|3|2
28|1591893645196|1591893573|1591893572099214121|1591893575|73097|72|1|3|2
28|1591893775229|1591893573|1591893572099214121|1591893575|203130|202|1|3|2
28|1591894025284|1591893573|1591893572099214121|1591893575|453185|452|1|3|2
29|1591894187378|1591894186|1591894184458967390|1591894187|2920|1|2|3|1
29|1591894257422|1591894186|1591894184458967390|1591894187|72964|71|2|3|1
29|1591894387473|1591894186|1591894184458967390|1591894187|203015|201|2|3|1
29|1591894637513|1591894186|1591894184458967390|1591894187|453055|451|2|3|1
30|1591894799638|1591894798|1591894797010996073|1591894799|2628|1|1|2|1
30|1591894869691|1591894798|1591894797010996073|1591894799|72681|71|1|2|1
30|1591894999739|1591894798|1591894797010996073|1591894799|202729|201|1|2|1
30|1591895249782|1591894798|1591894797010996073|1591894799|452772|451|1|2|1
31|1591895413831|1591895411|1591895409808752300|1591895413|4023|2|2|4|2
31|1591895483882|1591895411|1591895409808752300|1591895413|74074|72|2|4|2
31|1591895613987|1591895411|1591895409808752300|1591895413|204179|202|2|4|2
31|1591895864034|1591895411|1591895409808752300|1591895413|454226|453|2|4|2
32|1591896024763|1591896023|1591896022214824437|1591896024|2549|1|1|2|1
32|1591896094800|1591896023|1591896022214824437|1591896024|72586|71|1|2|1
32|1591896224842|1591896023|1591896022214824437|1591896024|202628|201|1|2|1
32|1591896474892|1591896023|1591896022214824437|1591896024|452678|451|1|2|1
33|1591896637542|1591896636|1591896635049528134|1591896637|2493|1|1|2|1
33|1591896707592|1591896636|1591896635049528134|1591896637|72543|71|1|2|1
33|1591896837632|1591896636|1591896635049528134|1591896637|202583|201|1|2|1
33|1591897087756|1591896636|1591896635049528134|1591896637|452707|451|1|2|1
34|1591897250737|1591897248|1591897247642487572|1591897250|3095|2|1|3|2
34|1591897320780|1591897248|1591897247642487572|1591897250|73138|72|1|3|2
34|1591897450830|1591897248|1591897247642487572|1591897250|203188|202|1|3|2
34|1591897700882|1591897248|1591897247642487572|1591897250|453240|452|1|3|2
35|1591897862779|1591897861|1591897860014934455|1591897862|2765|1|1|2|1
35|1591897932837|1591897861|1591897860014934455|1591897862|72823|71|1|2|1
35|1591898062873|1591897861|1591897860014934455|1591897862|202859|201|1|2|1
35|1591898312948|1591897861|1591897860014934455|1591897862|452934|451|1|2|1
36|1591898476242|1591898474|1591898472360435470|1591898476|3882|2|2|4|2
36|1591898546262|1591898474|1591898472360435470|1591898476|73902|72|2|4|2
36|1591898676328|1591898474|1591898472360435470|1591898476|203968|202|2|4|2
36|1591898926367|1591898474|1591898472360435470|1591898476|454007|452|2|4|2
37|1591899089163|1591899087|1591899085338299033|1591899089|3825|2|2|4|2
37|1591899159212|1591899087|1591899085338299033|1591899089|73874|72|2|4|2
37|1591899289262|1591899087|1591899085338299033|1591899089|203924|202|2|4|2
37|1591899539314|1591899087|1591899085338299033|1591899089|453976|452|2|4|2
38|1591899702197|1591899700|1591899698645717259|1591899702|3552|2|2|4|2
38|1591899772245|1591899700|1591899698645717259|1591899702|73600|72|2|4|2
38|1591899902301|1591899700|1591899698645717259|1591899702|203656|202|2|4|2
38|1591900152348|1591899700|1591899698645717259|1591899702|453703|452|2|4|2
39|1591900313958|1591900312|1591900311417033009|1591900313|2541|1|1|2|1
39|1591900384011|1591900312|1591900311417033009|1591900313|72594|72|1|2|1
39|1591900514060|1591900312|1591900311417033009|1591900313|202643|202|1|2|1
39|1591900764108|1591900312|1591900311417033009|1591900313|452691|452|1|2|1
40|1591900926407|1591900926|1591900923973710540|1591900926|2434|0|3|3|0
40|1591900996451|1591900926|1591900923973710540|1591900926|72478|70|3|3|0
40|1591901126501|1591900926|1591900923973710540|1591900926|202528|200|3|3|0
40|1591901376541|1591900926|1591900923973710540|1591900926|452568|450|3|3|0
41|1591901539650|1591901538|1591901536542612262|1591901539|3108|1|2|3|1
41|1591901609691|1591901538|1591901536542612262|1591901539|73149|71|2|3|1
41|1591901739741|1591901538|1591901536542612262|1591901539|203199|201|2|3|1
41|1591901989799|1591901538|1591901536542612262|1591901539|453257|451|2|3|1
42|1591902152251|1591902150|1591902149548147750|1591902152|2703|2|1|3|2
42|1591902222295|1591902150|1591902149548147750|1591902152|72747|72|1|3|2
42|1591902352343|1591902150|1591902149548147750|1591902152|202795|202|1|3|2
42|1591902602381|1591902150|1591902149548147750|1591902152|452833|452|1|3|2
43|1591902764883|1591902764|1591902762307195802|1591902764|2576|0|2|2|0
43|1591902834918|1591902764|1591902762307195802|1591902764|72611|70|2|2|0
43|1591902964969|1591902764|1591902762307195802|1591902764|202662|200|2|2|0
43|1591903215021|1591902764|1591902762307195802|1591902764|452714|451|2|2|0
44|1591903377141|1591903376|1591903374585519467|1591903377|2556|1|2|3|1
44|1591903447184|1591903376|1591903374585519467|1591903377|72599|71|2|3|1
44|1591903577229|1591903376|1591903374585519467|1591903377|202644|201|2|3|1
44|1591903827290|1591903376|1591903374585519467|1591903377|452705|451|2|3|1
45|1591903990920|1591903989|1591903987746277007|1591903990|3174|1|2|3|1
45|1591904060969|1591903989|1591903987746277007|1591903990|73223|71|2|3|1
45|1591904191024|1591903989|1591903987746277007|1591903990|203278|202|2|3|1
45|1591904441068|1591903989|1591903987746277007|1591903990|453322|452|2|3|1
46|1591904603158|1591904601|1591904600566240964|1591904603|2592|2|1|3|2
46|1591904673209|1591904601|1591904600566240964|1591904603|72643|72|1|3|2
46|1591904803259|1591904601|1591904600566240964|1591904603|202693|202|1|3|2
46|1591905053307|1591904601|1591904600566240964|1591904603|452741|452|1|3|2
47|1591905216099|1591905215|1591905213622588787|1591905216|2477|1|2|3|1
47|1591905286155|1591905215|1591905213622588787|1591905216|72533|71|2|3|1
47|1591905416224|1591905215|1591905213622588787|1591905216|202602|201|2|3|1
47|1591905666274|1591905215|1591905213622588787|1591905216|452652|451|2|3|1
48|1591905830254|1591905828|1591905827027492872|1591905830|3227|2|1|3|2
48|1591905900305|1591905828|1591905827027492872|1591905830|73278|72|1|3|2
48|1591906030346|1591905828|1591905827027492872|1591905830|203319|202|1|3|2
48|1591906280390|1591905828|1591905827027492872|1591905830|453363|452|1|3|2
49|1591906442643|1591906442|1591906440102498048|1591906442|2541|0|2|2|0
49|1591906512692|1591906442|1591906440102498048|1591906442|72590|70|2|2|0
49|1591906642736|1591906442|1591906440102498048|1591906442|202634|200|2|2|0
49|1591906892787|1591906442|1591906440102498048|1591906442|452685|450|2|2|0
50|1591907057176|1591907055|1591907054075451964|1591907057|3101|2|1|3|2
50|1591907127228|1591907055|1591907054075451964|1591907057|73153|72|1|3|2
50|1591907257274|1591907055|1591907054075451964|1591907057|203199|202|1|3|2
50|1591907507319|1591907055|1591907054075451964|1591907057|453244|452|1|3|2
51|1591907669344|1591907668|1591907666789642760|1591907669|2555|1|2|3|1
51|1591907739390|1591907668|1591907666789642760|1591907669|72601|71|2|3|1
51|1591907869464|1591907668|1591907666789642760|1591907669|202675|201|2|3|1
51|1591908119520|1591907668|1591907666789642760|1591907669|452731|451|2|3|1
52|1591908282099|1591908281|1591908279664607676|1591908282|2435|1|2|3|1
52|1591908352149|1591908281|1591908279664607676|1591908282|72485|71|2|3|1
52|1591908482191|1591908281|1591908279664607676|1591908282|202527|201|2|3|1
52|1591908732238|1591908281|1591908279664607676|1591908282|452574|451|2|3|1
53|1591908896976|1591908894|1591908892957948438|1591908896|4019|2|2|4|2
53|1591908967018|1591908894|1591908892957948438|1591908896|74061|73|2|4|2
53|1591909097061|1591908894|1591908892957948438|1591908896|204104|203|2|4|2
53|1591909347108|1591908894|1591908892957948438|1591908896|454151|453|2|4|2
54|1591909508442|1591909506|1591909505631718327|1591909508|2811|2|1|3|2
54|1591909578481|1591909506|1591909505631718327|1591909508|72850|72|1|3|2
54|1591909708541|1591909506|1591909505631718327|1591909508|202910|202|1|3|2
54|1591909958592|1591909506|1591909505631718327|1591909508|452961|452|1|3|2
55|1591910120368|1591910119|1591910117795695340|1591910120|2573|1|2|3|1
55|1591910190416|1591910119|1591910117795695340|1591910120|72621|71|2|3|1
55|1591910320491|1591910119|1591910117795695340|1591910120|202696|201|2|3|1
55|1591910570526|1591910119|1591910117795695340|1591910120|452731|451|2|3|1
56|1591910733334|1591910732|1591910730808225599|1591910733|2526|1|2|3|1
56|1591910803373|1591910732|1591910730808225599|1591910733|72565|71|2|3|1
56|1591910933426|1591910732|1591910730808225599|1591910733|202618|201|2|3|1
56|1591911183477|1591910732|1591910730808225599|1591910733|452669|451|2|3|1
57|1591911346232|1591911345|1591911343808569907|1591911346|2424|1|2|3|1
57|1591911416291|1591911345|1591911343808569907|1591911346|72483|71|2|3|1
57|1591911546353|1591911345|1591911343808569907|1591911346|202545|201|2|3|1
57|1591911796398|1591911345|1591911343808569907|1591911346|452590|451|2|3|1
58|1591911959581|1591911959|1591911957122454932|1591911959|2459|0|2|2|0
58|1591912029645|1591911959|1591911957122454932|1591911959|72523|70|2|2|0
58|1591912159693|1591911959|1591911957122454932|1591911959|202571|200|2|2|0
58|1591912409735|1591911959|1591911957122454932|1591911959|452613|450|2|2|0
59|1591912572170|1591912571|1591912569710844962|1591912572|2460|1|2|3|1
59|1591912642225|1591912571|1591912569710844962|1591912572|72515|71|2|3|1
59|1591912772267|1591912571|1591912569710844962|1591912572|202557|201|2|3|1
59|1591913022314|1591912571|1591912569710844962|1591912572|452604|451|2|3|1
60|1591913186548|1591913184|1591913183329895538|1591913186|3219|2|1|3|2
60|1591913256596|1591913184|1591913183329895538|1591913186|73267|72|1|3|2
60|1591913386643|1591913184|1591913183329895538|1591913186|203314|202|1|3|2
60|1591913636687|1591913184|1591913183329895538|1591913186|453358|452|1|3|2
61|1591913799288|1591913798|1591913796798168912|1591913799|2490|1|2|3|1
61|1591913869331|1591913798|1591913796798168912|1591913799|72533|71|2|3|1
61|1591913999380|1591913798|1591913796798168912|1591913799|202582|201|2|3|1
61|1591914249429|1591913798|1591913796798168912|1591913799|452631|451|2|3|1
62|1591914412009|1591914411|1591914409455010427|1591914411|2554|1|2|2|0
62|1591914482055|1591914411|1591914409455010427|1591914411|72600|71|2|2|0
62|1591914612098|1591914411|1591914409455010427|1591914411|202643|201|2|2|0
62|1591914862140|1591914411|1591914409455010427|1591914411|452685|451|2|2|0
63|1591915025521|1591915024|1591915022900832344|1591915025|2621|1|2|3|1
63|1591915096557|1591915024|1591915022900832344|1591915025|73657|72|2|3|1
63|1591915226602|1591915024|1591915022900832344|1591915025|203702|202|2|3|1
63|1591915476652|1591915024|1591915022900832344|1591915025|453752|452|2|3|1
64|1591915638685|1591915637|1591915635914106375|1591915638|2771|1|2|3|1
64|1591915708719|1591915637|1591915635914106375|1591915638|72805|71|2|3|1
64|1591915838763|1591915637|1591915635914106375|1591915638|202849|201|2|3|1
64|1591916088809|1591915637|1591915635914106375|1591915638|452895|451|2|3|1
65|1591916251244|1591916250|1591916248721640217|1591916251|2523|1|2|3|1
65|1591916321295|1591916250|1591916248721640217|1591916251|72574|71|2|3|1
65|1591916451341|1591916250|1591916248721640217|1591916251|202620|201|2|3|1
65|1591916701397|1591916250|1591916248721640217|1591916251|452676|451|2|3|1
66|1591916864612|1591916863|1591916862075124031|1591916864|2537|1|1|2|1
66|1591916934655|1591916863|1591916862075124031|1591916864|72580|71|1|2|1
66|1591917064707|1591916863|1591916862075124031|1591916864|202632|201|1|2|1
66|1591917314755|1591916863|1591916862075124031|1591916864|452680|451|1|2|1
67|1591917478155|1591917475|1591917474692169663|1591917478|3463|3|1|4|3
67|1591917548201|1591917475|1591917474692169663|1591917478|73509|73|1|4|3
67|1591917678241|1591917475|1591917474692169663|1591917478|203549|203|1|4|3
67|1591917928286|1591917475|1591917474692169663|1591917478|453594|453|1|4|3
68|1591918089566|1591918088|1591918087087559608|1591918089|2479|1|1|2|1
68|1591918159620|1591918088|1591918087087559608|1591918089|72533|71|1|2|1
68|1591918289675|1591918088|1591918087087559608|1591918089|202588|201|1|2|1
68|1591918539718|1591918088|1591918087087559608|1591918089|452631|451|1|2|1
69|1591918703276|1591918701|1591918700051983256|1591918703|3225|2|1|3|2
69|1591918773318|1591918701|1591918700051983256|1591918703|73267|72|1|3|2
69|1591918903366|1591918701|1591918700051983256|1591918703|203315|202|1|3|2
69|1591919153408|1591918701|1591918700051983256|1591918703|453357|452|1|3|2
70|1591919315619|1591919314|1591919313073005361|1591919315|2546|1|1|2|1
70|1591919385664|1591919314|1591919313073005361|1591919315|72591|71|1|2|1
70|1591919515706|1591919314|1591919313073005361|1591919315|202633|201|1|2|1
70|1591919765750|1591919314|1591919313073005361|1591919315|452677|451|1|2|1
71|1591919929138|1591919927|1591919926065523360|1591919929|3073|2|1|3|2
71|1591919999187|1591919927|1591919926065523360|1591919929|73122|72|1|3|2
71|1591920129222|1591919927|1591919926065523360|1591919929|203157|202|1|3|2
71|1591920379264|1591919927|1591919926065523360|1591919929|453199|452|1|3|2
72|1591920542571|1591920540|1591920539058819881|1591920542|3513|2|1|3|2
72|1591920613913|1591920540|1591920539058819881|1591920542|74855|73|1|3|2
72|1591920743954|1591920540|1591920539058819881|1591920542|204896|203|1|3|2
72|1591920994003|1591920540|1591920539058819881|1591920542|454945|454|1|3|2
73|1591921155903|1591921154|1591921152046771499|1591921155|3857|1|2|3|1
73|1591921225954|1591921154|1591921152046771499|1591921155|73908|71|2|3|1
73|1591921356002|1591921154|1591921152046771499|1591921155|203956|202|2|3|1
73|1591921606045|1591921154|1591921152046771499|1591921155|453999|452|2|3|1
74|1591921768043|1591921766|1591921765008644791|1591921767|3035|2|1|2|1
74|1591921838092|1591921766|1591921765008644791|1591921767|73084|72|1|2|1
74|1591921968134|1591921766|1591921765008644791|1591921767|203126|202|1|2|1
74|1591922218179|1591921766|1591921765008644791|1591921767|453171|452|1|2|1
75|1591922381221|1591922379|1591922378007708112|1591922381|3214|2|1|3|2
75|1591922451272|1591922379|1591922378007708112|1591922381|73265|72|1|3|2
75|1591922581320|1591922379|1591922378007708112|1591922381|203313|202|1|3|2
75|1591922831365|1591922379|1591922378007708112|1591922381|453358|452|1|3|2
76|1591922993839|1591922992|1591922991075797554|1591922993|2764|1|1|2|1
76|1591923063889|1591922992|1591922991075797554|1591922993|72814|71|1|2|1
76|1591923193946|1591922992|1591922991075797554|1591922993|202871|201|1|2|1
76|1591923444007|1591922992|1591922991075797554|1591922993|452932|452|1|2|1
77|1591923606535|1591923605|1591923603926273960|1591923606|2609|1|2|3|1
77|1591923676580|1591923605|1591923603926273960|1591923606|72654|71|2|3|1
77|1591923806625|1591923605|1591923603926273960|1591923606|202699|201|2|3|1
77|1591924056671|1591923605|1591923603926273960|1591923606|452745|451|2|3|1
78|1591924219445|1591924218|1591924216918122566|1591924219|2527|1|2|3|1
78|1591924289496|1591924218|1591924216918122566|1591924219|72578|71|2|3|1
78|1591924419543|1591924218|1591924216918122566|1591924219|202625|201|2|3|1
78|1591924669590|1591924218|1591924216918122566|1591924219|452672|451|2|3|1
79|1591924832345|1591924831|1591924829942040447|1591924832|2403|1|2|3|1
79|1591924902396|1591924831|1591924829942040447|1591924832|72454|71|2|3|1
79|1591925032436|1591924831|1591924829942040447|1591924832|202494|201|2|3|1
79|1591925282481|1591924831|1591924829942040447|1591924832|452539|451|2|3|1
80|1591925446176|1591925444|1591925442955817913|1591925446|3221|2|2|4|2
80|1591925516229|1591925444|1591925442955817913|1591925446|73274|72|2|4|2
80|1591925646273|1591925444|1591925442955817913|1591925446|203318|202|2|4|2
80|1591925896319|1591925444|1591925442955817913|1591925446|453364|452|2|4|2
81|1591926057766|1591926057|1591926055325749873|1591926057|2441|0|2|2|0
81|1591926127810|1591926057|1591926055325749873|1591926057|72485|70|2|2|0
81|1591926257871|1591926057|1591926055325749873|1591926057|202546|200|2|2|0
81|1591926507910|1591926057|1591926055325749873|1591926057|452585|450|2|2|0
82|1591926671519|1591926670|1591926668318939290|1591926671|3201|1|2|3|1
82|1591926741547|1591926670|1591926668318939290|1591926671|73229|71|2|3|1
82|1591926871603|1591926670|1591926668318939290|1591926671|203285|201|2|3|1
82|1591927121652|1591926670|1591926668318939290|1591926671|453334|451|2|3|1
83|1591927283941|1591927283|1591927281298154629|1591927283|2643|0|2|2|0
83|1591927353994|1591927283|1591927281298154629|1591927283|72696|70|2|2|0
83|1591927484057|1591927283|1591927281298154629|1591927283|202759|201|2|2|0
83|1591927734102|1591927283|1591927281298154629|1591927283|452804|451|2|2|0
84|1591927896280|1591927894|1591927893853746268|1591927896|2427|2|1|3|2
84|1591927966321|1591927894|1591927893853746268|1591927896|72468|72|1|3|2
84|1591928096373|1591927894|1591927893853746268|1591927896|202520|202|1|3|2
84|1591928346420|1591927894|1591927893853746268|1591927896|452567|452|1|3|2
85|1591928509728|1591928508|1591928506548201691|1591928509|3180|1|2|3|1
85|1591928579787|1591928508|1591928506548201691|1591928509|73239|71|2|3|1
85|1591928709834|1591928508|1591928506548201691|1591928509|203286|201|2|3|1
85|1591928959884|1591928508|1591928506548201691|1591928509|453336|451|2|3|1
86|1591929121781|1591929120|1591929118715914890|1591929121|3066|1|2|3|1
86|1591929191834|1591929120|1591929118715914890|1591929121|73119|71|2|3|1
86|1591929321875|1591929120|1591929118715914890|1591929121|203160|201|2|3|1
86|1591929571920|1591929120|1591929118715914890|1591929121|453205|451|2|3|1
87|1591929734488|1591929733|1591929731326829816|1591929734|3162|1|2|3|1
87|1591929804528|1591929733|1591929731326829816|1591929734|73202|71|2|3|1
87|1591929934574|1591929733|1591929731326829816|1591929734|203248|201|2|3|1
87|1591930184620|1591929733|1591929731326829816|1591929734|453294|451|2|3|1
88|1591930347644|1591930346|1591930345140627586|1591930347|2504|1|1|2|1
88|1591930417698|1591930346|1591930345140627586|1591930347|72558|71|1|2|1
88|1591930547740|1591930346|1591930345140627586|1591930347|202600|201|1|2|1
88|1591930797790|1591930346|1591930345140627586|1591930347|452650|451|1|2|1
89|1591930960678|1591930959|1591930958140449215|1591930960|2538|1|1|2|1
89|1591931030725|1591930959|1591930958140449215|1591930960|72585|71|1|2|1
89|1591931160771|1591930959|1591930958140449215|1591930960|202631|201|1|2|1
89|1591931410813|1591930959|1591930958140449215|1591930960|452673|451|1|2|1
90|1591931573234|1591931572|1591931570526530907|1591931573|2708|1|2|3|1
90|1591931643276|1591931572|1591931570526530907|1591931573|72750|71|2|3|1
90|1591931773328|1591931572|1591931570526530907|1591931573|202802|201|2|3|1
90|1591932023370|1591931572|1591931570526530907|1591931573|452844|451|2|3|1
91|1591932185951|1591932184|1591932182907410334|1591932185|3044|1|2|3|1
91|1591932255993|1591932184|1591932182907410334|1591932185|73086|71|2|3|1
91|1591932386037|1591932184|1591932182907410334|1591932185|203130|202|2|3|1
91|1591932636089|1591932184|1591932182907410334|1591932185|453182|452|2|3|1
92|1591932797943|1591932796|1591932795542042023|1591932797|2401|1|1|2|1
92|1591932867986|1591932796|1591932795542042023|1591932797|72444|71|1|2|1
92|1591932998047|1591932796|1591932795542042023|1591932797|202505|202|1|2|1
92|1591933248086|1591932796|1591932795542042023|1591932797|452544|452|1|2|1
93|1591933411002|1591933410|1591933408518841523|1591933410|2484|1|2|2|0
93|1591933481060|1591933410|1591933408518841523|1591933410|72542|71|2|2|0
93|1591933611110|1591933410|1591933408518841523|1591933410|202592|201|2|2|0
93|1591933861171|1591933410|1591933408518841523|1591933410|452653|451|2|2|0
94|1591934023816|1591934023|1591934021315180713|1591934023|2501|0|2|2|0
94|1591934093889|1591934023|1591934021315180713|1591934023|72574|70|2|2|0
94|1591934223943|1591934023|1591934021315180713|1591934023|202628|200|2|2|0
94|1591934473994|1591934023|1591934021315180713|1591934023|452679|450|2|2|0
95|1591934637269|1591934636|1591934634771401201|1591934637|2498|1|2|3|1
95|1591934707320|1591934636|1591934634771401201|1591934637|72549|71|2|3|1
95|1591934837372|1591934636|1591934634771401201|1591934637|202601|201|2|3|1
95|1591935087418|1591934636|1591934634771401201|1591934637|452647|451|2|3|1
96|1591935250852|1591935249|1591935247355336997|1591935250|3497|1|2|3|1
96|1591935320888|1591935249|1591935247355336997|1591935250|73533|71|2|3|1
96|1591935450932|1591935249|1591935247355336997|1591935250|203577|201|2|3|1
96|1591935701937|1591935249|1591935247355336997|1591935250|454582|452|2|3|1
97|1591935862425|1591935861|1591935859940780637|1591935862|2485|1|2|3|1
97|1591935932471|1591935861|1591935859940780637|1591935862|72531|71|2|3|1
97|1591936062514|1591935861|1591935859940780637|1591935862|202574|201|2|3|1
97|1591936312567|1591935861|1591935859940780637|1591935862|452627|451|2|3|1
98|1591936475560|1591936474|1591936473044566973|1591936475|2516|1|1|2|1
98|1591936545603|1591936474|1591936473044566973|1591936475|72559|71|1|2|1
98|1591936676019|1591936474|1591936473044566973|1591936475|202975|202|1|2|1
98|1591936926067|1591936474|1591936473044566973|1591936475|453023|452|1|2|1
99|1591937088490|1591937087|1591937085918335703|1591937088|2572|1|2|3|1
99|1591937160455|1591937087|1591937085918335703|1591937088|74537|73|2|3|1
99|1591937290496|1591937087|1591937085918335703|1591937088|204578|203|2|3|1
99|1591937540561|1591937087|1591937085918335703|1591937088|454643|453|2|3|1
100|1591937701665|1591937700|1591937699093433226|1591937701|2572|1|1|2|1
100|1591937771709|1591937700|1591937699093433226|1591937701|72616|71|1|2|1
100|1591937901758|1591937700|1591937699093433226|1591937701|202665|201|1|2|1
100|1591938151811|1591937700|1591937699093433226|1591937701|452718|451|1|2|1
101|1591938315327|1591938313|1591938312859011569|1591938315|2468|2|1|3|2
101|1591938385378|1591938313|1591938312859011569|1591938315|72519|72|1|3|2
101|1591938515428|1591938313|1591938312859011569|1591938315|202569|202|1|3|2
101|1591938765479|1591938313|1591938312859011569|1591938315|452620|452|1|3|2
102|1591938928417|1591938927|1591938925995740633|1591938928|2422|1|2|3|1
102|1591938998460|1591938927|1591938925995740633|1591938928|72465|71|2|3|1
102|1591939128528|1591938927|1591938925995740633|1591938928|202533|201|2|3|1
102|1591939378572|1591938927|1591938925995740633|1591938928|452577|451|2|3|1
103|1591939542229|1591939540|1591939538969486024|1591939542|3260|2|2|4|2
103|1591939612275|1591939540|1591939538969486024|1591939542|73306|72|2|4|2
103|1591939742332|1591939540|1591939538969486024|1591939542|203363|202|2|4|2
103|1591939992374|1591939540|1591939538969486024|1591939542|453405|452|2|4|2
104|1591940155008|1591940154|1591940152536541129|1591940154|2472|1|2|2|0
104|1591940225045|1591940154|1591940152536541129|1591940154|72509|71|2|2|0
104|1591940355088|1591940154|1591940152536541129|1591940154|202552|201|2|2|0
104|1591940605135|1591940154|1591940152536541129|1591940154|452599|451|2|2|0
105|1591940771185|1591940769|1591940765812038089|1591940771|5373|2|4|6|2
105|1591940841986|1591940769|1591940765812038089|1591940771|76174|72|4|6|2
105|1591940972035|1591940769|1591940765812038089|1591940771|206223|203|4|6|2
105|1591941222085|1591940769|1591940765812038089|1591940771|456273|453|4|6|2
106|1591941381273|1591941380|1591941378756896487|1591941381|2517|1|2|3|1
106|1591941451317|1591941380|1591941378756896487|1591941381|72561|71|2|3|1
106|1591941581363|1591941380|1591941378756896487|1591941381|202607|201|2|3|1
106|1591941831413|1591941380|1591941378756896487|1591941381|452657|451|2|3|1
107|1591941995017|1591941993|1591941992309934881|1591941994|2708|2|1|2|1
107|1591942065062|1591941993|1591941992309934881|1591941994|72753|72|1|2|1
107|1591942195105|1591941993|1591941992309934881|1591941994|202796|202|1|2|1
107|1591942445151|1591941993|1591941992309934881|1591941994|452842|452|1|2|1
108|1591942607575|1591942606|1591942605056480832|1591942607|2519|1|1|2|1
108|1591942677631|1591942606|1591942605056480832|1591942607|72575|71|1|2|1
108|1591942807669|1591942606|1591942605056480832|1591942607|202613|201|1|2|1
108|1591943057722|1591942606|1591942605056480832|1591942607|452666|451|1|2|1
109|1591943221415|1591943219|1591943218043214425|1591943221|3372|2|1|3|2
109|1591943291466|1591943219|1591943218043214425|1591943221|73423|72|1|3|2
109|1591943421508|1591943219|1591943218043214425|1591943221|203465|202|1|3|2
109|1591943671557|1591943219|1591943218043214425|1591943221|453514|452|1|3|2
110|1591943834661|1591943832|1591943831127260872|1591943834|3534|2|1|3|2
110|1591943904711|1591943832|1591943831127260872|1591943834|73584|72|1|3|2
110|1591944034766|1591943832|1591943831127260872|1591943834|203639|202|1|3|2
110|1591944284820|1591943832|1591943831127260872|1591943834|453693|452|1|3|2
111|1591944447632|1591944445|1591944444558742947|1591944447|3074|2|1|3|2
111|1591944517688|1591944445|1591944444558742947|1591944447|73130|72|1|3|2
111|1591944647738|1591944445|1591944444558742947|1591944447|203180|202|1|3|2
111|1591944897790|1591944445|1591944444558742947|1591944447|453232|452|1|3|2
