Provide the location of messagelog to calculate delays from
Provide the location of sent_messagelog|0|0|0|0|0
1805|4318|3|2|5|3
1806|2469|1|2|3|1
1807|2512|1|2|3|1
1808|2913|2|1|3|2
1809|2609|1|1|2|1
1810|2455|1|1|2|1
1811|3698|3|1|4|3
1812|2498|1|2|3|1
1813|2480|1|1|2|1
1814|3042|1|2|3|1
1815|2471|1|2|3|1
1816|2558|1|2|3|1
1817|3094|2|1|3|2
1818|2606|1|1|2|1
1819|2781|1|2|3|1
1820|2582|0|2|2|0
1821|2570|1|1|2|1
1822|2585|1|1|2|1
1823|2582|1|2|3|1
1824|3379|2|1|3|2
1825|2882|1|2|3|1
1826|2509|1|2|3|1
1827|3637|1|2|3|1
1828|3166|2|2|3|1
1829|6114|5|1|6|5
1830|2787|1|1|2|1
1831|2943|1|2|3|1
1832|2464|1|2|3|1
1833|2522|0|2|2|0
1834|3167|2|1|3|2
1835|2664|1|2|3|1
1836|3051|1|2|3|1
1837|3987|3|1|4|3
1838|2540|2|1|2|1
1839|2600|0|2|2|0
1840|3106|2|1|3|2
1841|3138|2|2|3|1
1842|3528|2|2|4|2
1843|3031|2|1|3|2
1844|3074|2|1|3|2
1845|2921|1|2|3|1
1846|3563|1|2|3|1
1847|2528|1|1|2|1
1848|2495|1|2|2|0
1849|3267|2|1|3|2
1850|2660|1|1|2|1
1851|2422|1|2|3|1
1852|2492|1|2|2|0
1853|3057|2|1|3|2
1854|3310|1|2|3|1
1855|4319|3|2|5|3
1856|2616|1|2|3|1
1857|2524|1|2|3|1
1858|3564|2|1|3|2
1859|2506|1|2|3|1
1860|2476|1|2|3|1
1861|2522|1|2|3|1
1862|2522|2|1|3|2
1863|2483|0|2|2|0
1864|2575|1|2|3|1
1865|2610|2|1|2|1
1866|2516|1|1|2|1
1867|3304|2|1|3|2
1868|2464|1|1|2|1
1869|2468|1|2|3|1
1870|2677|1|2|3|1
1871|3776|3|1|3|2
1872|2499|1|1|2|1
1873|2535|1|1|2|1
1874|2516|1|2|3|1
1875|3970|2|2|4|2
1876|3104|2|2|3|1
1877|2610|1|2|3|1
1878|2457|1|2|3|1
1879|2418|1|1|2|1
1880|2456|1|2|3|1
1881|2506|1|2|3|1
1882|3407|2|1|3|2
1883|2525|1|1|2|1
1884|3954|2|2|4|2
1885|2453|1|2|3|1
1886|2703|1|1|2|1
1887|3165|2|1|3|2
1888|2430|1|2|2|0
1889|2465|1|2|3|1
1890|2453|1|2|3|1
1891|3260|1|2|3|1
1892|2771|2|1|3|2
1893|2412|0|2|2|0
1894|2914|1|2|3|1
1895|3202|1|2|3|1
1896|2714|1|2|3|1
1897|2494|1|2|3|1
1898|3102|1|2|3|1
1899|2948|2|1|3|2
1900|2523|1|2|3|1
1901|2511|1|1|2|1
1902|2439|1|1|2|1
1903|2926|1|1|2|1
1904|2439|1|2|3|1
1905|2439|1|1|2|1
1906|2468|1|1|2|1
1907|2441|1|2|3|1
1908|2577|1|1|2|1
1909|2545|0|2|2|0
1910|3660|2|2|4|2
1911|2514|2|1|2|1
1912|3657|2|2|4|2
1913|2454|1|2|3|1
1914|2497|1|2|3|1
1915|3224|2|2|4|2
1916|2449|1|2|3|1
1917|2482|0|2|2|0
1918|2463|1|1|2|1
1919|2430|1|1|2|1
1920|2494|0|2|2|0
1921|3775|1|2|3|1
1922|2606|1|1|2|1
1923|2474|1|2|3|1
1924|2417|1|2|3|1
1925|3278|1|2|3|1
1926|3234|1|2|3|1
1927|4603|3|1|3|2
1928|2438|1|2|3|1
1929|3214|2|2|3|1
1930|2945|1|2|3|1
1931|3165|2|1|3|2
1932|2786|1|2|3|1
1933|2491|1|1|2|1
1934|2477|2|1|3|2
1935|3327|1|2|3|1
1936|3216|1|2|3|1
1937|2558|0|2|2|0
1938|2485|1|1|2|1
1939|2473|0|2|2|0
1940|3710|2|2|4|2
1941|2936|2|1|3|2
1942|2450|0|2|2|0
1943|2429|1|1|2|1
1944|2565|1|2|3|1
1945|3093|1|2|3|1
1946|2996|1|2|3|1
1947|2469|1|2|3|1
1948|2489|0|2|2|0
1949|3553|2|1|3|2
1950|4330|4|1|4|3
1951|3373|2|2|4|2
1952|3462|1|2|3|1
1953|3406|2|1|3|2
1954|2478|1|1|2|1
1955|2582|1|2|3|1
1956|2423|2|1|2|1
1957|2494|0|2|2|0
1958|3098|2|1|3|2
1959|2730|1|1|2|1
1960|3040|1|2|3|1
1961|2472|1|2|3|1
1962|3942|2|2|4|2
1963|2453|1|1|2|1
1964|2954|1|2|3|1
1965|2503|0|2|2|0
1966|2461|1|1|2|1
1967|2963|1|2|3|1
1968|2651|1|1|2|1
1969|2456|1|1|2|1
1970|3411|2|2|4|2
1971|2465|1|1|2|1
1972|2501|1|2|3|1
1973|3465|1|2|3|1
1974|3179|2|1|3|2
1975|2729|1|1|2|1
1976|3245|2|1|3|2
1977|4224|3|1|4|3
1978|2683|1|2|3|1
1979|2520|0|2|2|0
1980|3913|3|1|3|2
1981|2584|1|2|3|1
1982|3123|1|2|3|1
1983|2475|1|1|2|1
1984|2577|0|2|2|0
1985|3025|2|1|3|2
1986|2493|1|2|3|1
1987|2871|1|2|3|1
1988|3028|1|2|3|1
1989|2598|2|1|2|1
1990|2549|1|2|3|1
1991|3423|2|2|4|2
1992|2678|2|1|3|2
1993|3595|2|2|4|2
1994|3864|2|2|4|2
1995|3844|2|2|4|2
1996|2600|1|2|3|1
1997|2521|0|2|2|0
1998|2446|1|1|2|1
1999|3725|3|1|4|3
2000|3225|1|2|3|1
2001|3490|2|2|4|2
2002|2569|1|2|3|1
2003|2465|1|2|3|1
2004|2505|1|2|3|1
2005|3457|3|1|3|2
2006|2820|2|1|3|2
2007|3197|2|2|4|2
2008|2533|1|2|3|1
2009|2496|1|2|2|0
2010|2658|1|2|3|1
2011|2513|1|1|2|1
2012|2746|1|1|2|1
2013|2590|1|1|2|1
2014|2625|1|1|2|1
2015|4545|3|2|5|3
2016|2532|1|2|3|1
2017|3220|2|1|3|2
2018|2580|1|1|2|1
2019|2539|1|2|3|1
2020|2517|1|2|3|1
2021|3221|2|1|3|2
2022|2730|1|2|3|1
2023|3609|2|1|3|2
2024|3077|2|1|3|2
2025|4029|2|2|4|2
2026|4233|2|2|4|2
2027|2590|1|2|3|1
2028|3177|2|1|3|2
2029|2627|0|2|2|0
2030|2895|1|2|3|1
2031|2563|1|2|3|1
2032|3242|1|2|3|1
2033|3222|1|2|3|1
2034|2493|0|2|2|0
2035|3310|1|2|3|1
2036|2581|1|1|2|1
2037|10794|9|2|11|9
2038|2949|1|2|3|1
2039|3088|2|1|3|2
2040|2400|1|2|3|1
2041|3384|2|2|4|2
2042|3282|1|2|3|1
2043|3175|2|1|3|2
2044|2476|0|2|2|0
2045|2418|1|2|3|1
2046|3098|2|2|3|1
2047|2899|0|3|3|0
2048|3078|1|2|3|1
2049|2456|2|1|2|1
2050|3156|1|2|3|1
2051|2918|2|1|3|2
2052|2509|1|2|3|1
2053|2500|1|2|2|0
2054|3279|2|1|3|2
2055|2507|1|1|2|1
2056|2664|2|1|3|2
2057|3099|1|2|3|1
2058|3058|2|1|3|2
2059|2543|1|2|3|1
2060|2749|1|1|2|1
2061|2463|1|1|2|1
2062|2483|0|2|2|0
2063|3223|2|1|3|2
2064|3106|2|1|3|2
2065|2671|1|2|2|0
2066|2427|1|1|2|1
2067|2530|1|1|2|1
2068|2458|1|1|2|1
2069|2443|1|1|2|1
2070|2482|1|2|3|1
2071|2667|2|1|3|2
2072|3207|2|1|3|2
2073|2655|0|2|2|0
2074|2479|1|1|2|1
2075|2464|1|2|3|1
2076|3090|1|2|3|1
2077|2435|0|2|2|0
2078|2498|0|2|2|0
2079|2565|0|2|2|0
2080|2817|1|1|2|1
2081|2488|0|2|2|0
2082|2525|1|2|3|1
2083|2484|1|2|3|1
2084|2539|1|2|3|1
2085|2442|1|2|3|1
2086|2412|1|1|2|1
2087|3552|2|1|3|2
