Starting parse...
535|1592205533819|1592205533|1592205531213512882
536|1592206147381|1592206145|1592206143948255014
537|1592206759617|1592206757|1592206756544923009
538|1592207372037|1592207371|1592207369547865657
539|1592207985737|1592207985|1592207983153957665
540|1592208598701|1592208597|1592208596229772624
541|1592209214242|1592209211|1592209209546668730
542|1592209827258|1592209826|1592209822465689879
543|1592210437500|1592210436|1592210435038926340
544|1592211050330|1592211049|1592211047801368241
545|1592211663349|1592211662|1592211660768287939
546|1592212276659|1592212274|1592212273599409542
547|1592212888994|1592212888|1592212886531479204
548|1592213502870|1592213501|1592213499835742316
549|1592214116316|1592214114|1592214112990728926
550|1592214729898|1592214729|1592214727182001146
551|1592215342763|1592215341|1592215339621765787
552|1592215955695|1592215954|1592215953184857267
553|1592216567417|1592216567|1592216564978951673
554|1592217183205|1592217182|1592217180557347938
555|1592217805657|1592217803|1592217802388213115
556|1592218421421|1592218420|1592218418799981405
557|1592219035194|1592219033|1592219031622986313
558|1592219647806|1592219646|1592219645359090713
559|1592220273671|1592220272|1592220271126925669
560|1592220890413|1592220889|1592220887266755326
561|1592221503945|1592221502|1592221501209420665
562|1592222121472|1592222120|1592222118557050278
563|1592222739502|1592222736|1592222734741054803
564|1592223351020|1592223350|1592223348489324782
565|1592223964909|1592223964|1592223962428722787
566|1592224579021|1592224578|1592224576546098368
567|1592225192232|1592225190|1592225189234825444
568|1592225804563|1592225803|1592225801986117891
569|1592226423883|1592226423|1592226421220122973
570|1592227037897|1592227036|1592227035341479374
571|1592227651909|1592227649|1592227648500536911
572|1592228266262|1592228265|1592228263199807841
573|1592228885237|1592228884|1592228882764851639
574|1592229498026|1592229496|1592229494768015049
575|1592230116915|1592230116|1592230114396073688
576|1592230730909|1592230729|1592230728383035090
577|1592231343707|1592231343|1592231341219857919
578|1592231958128|1592231956|1592231954977996012
579|1592232572004|1592232569|1592232568614699835
580|1592233183610|1592233182|1592233181014677575
581|1592233797042|1592233795|1592233794554805140
582|1592234410823|1592234409|1592234408332361414
583|1592235026412|1592235025|1592235023894957629
584|1592235639265|1592235637|1592235636265230906
585|1592236251118|1592236249|1592236248630757833
586|1592236864130|1592236863|1592236861587051237
587|1592237480459|1592237479|1592237477969467199
588|1592238094486|1592238092|1592238091073767547
589|1592238709982|1592238707|1592238703763109327
590|1592239319134|1592239318|1592239316563064303
591|1592239936827|1592239935|1592239934315198089
592|1592240557036|1592240555|1592240554110098159
593|1592241175672|1592241174|1592241173076512643
594|1592241790340|1592241788|1592241787024944673
595|1592242408256|1592242406|1592242405661042918
596|1592243022318|1592243021|1592243019851435419
597|1592243635869|1592243635|1592243633419259874
598|1592244249773|1592244247|1592244246040541186
599|1592244862894|1592244861|1592244860400462094
600|1592245475023|1592245474|1592245472579097846
601|1592246088166|1592246087|1592246085554152714
602|1592246708789|1592246706|1592246705198979661
603|1592247319553|1592247318|1592247316910936267
604|1592247932915|1592247931|1592247930421642676
605|1592248545713|1592248544|1592248542977450218
606|1592249158545|1592249157|1592249156103873008
607|1592249772125|1592249770|1592249768991363364
608|1592250388785|1592250388|1592250386336334890
609|1592251003189|1592251001|1592250999856508016
610|1592251616885|1592251615|1592251614450238924
611|1592252232524|1592252230|1592252228580794936
612|1592252844631|1592252843|1592252841429509917
613|1592253458746|1592253455|1592253454513510403
614|1592254070711|1592254069|1592254068175171707
615|1592254684313|1592254682|1592254680560456540
616|1592255296319|1592255295|1592255293837242309
617|1592255909507|1592255908|1592255907044870262
618|1592256522488|1592256521|1592256519994547685
619|1592257135391|1592257134|1592257132902459705
620|1592257748687|1592257746|1592257745750966683
621|1592258361039|1592258359|1592258358134789791
622|1592258973403|1592258972|1592258970953772814
623|1592259587169|1592259585|1592259583923114981
624|1592260199986|1592260198|1592260196937746361
625|1592260812933|1592260811|1592260809711991014
626|1592261425156|1592261424|1592261422070501603
627|1592262037514|1592262036|1592262035060533112
628|1592262650545|1592262649|1592262648079271542
629|1592263264182|1592263262|1592263261079477860
630|1592263876236|1592263875|1592263873748633021
631|1592264488841|1592264487|1592264486136257077
632|1592265101887|1592265101|1592265099383515567
633|1592265714974|1592265714|1592265712387794968
634|1592266327566|1592266326|1592266325003449079
635|1592266940639|1592266939|1592266937814536161
636|1592267554045|1592267552|1592267550575237261
637|1592268166743|1592268164|1592268163408432791
638|1592268779619|1592268778|1592268776378071718
639|1592269391841|1592269390|1592269389333505944
640|1592270004756|1592270003|1592270002289222610
641|1592270617991|1592270616|1592270615059448783
642|1592271231180|1592271229|1592271228073401570
643|1592271843839|1592271841|1592271840678574845
644|1592272456701|1592272455|1592272453839832272
645|1592273069369|1592273068|1592273066877516079
646|1592273682509|1592273681|1592273680029623202
647|1592274296977|1592274295|1592274293742070842
648|1592274909196|1592274908|1592274906737404406
649|1592275523233|1592275521|1592275519690250174
650|1592276135119|1592276133|1592276132681876918
651|1592276748094|1592276746|1592276745039360011
652|1592277360303|1592277359|1592277357797645413
653|1592277974115|1592277972|1592277970829956872
654|1592278586295|1592278584|1592278583157494964
655|1592279198186|1592279197|1592279195713053702
656|1592279811197|1592279810|1592279808714901322
657|1592280425609|1592280423|1592280421730493023
658|1592281037012|1592281035|1592281034505281080
659|1592281649962|1592281648|1592281647444989546
660|1592282262872|1592282261|1592282259793232172
661|1592282875585|1592282873|1592282872369727873
662|1592283488883|1592283486|1592283485349581012
663|1592284100846|1592284099|1592284097733966821
664|1592284712627|1592284711|1592284710115014797
665|1592285325052|1592285324|1592285322506380091
666|1592285937828|1592285936|1592285935310876943
667|1592286550703|1592286550|1592286548256170404
668|1592287163707|1592287162|1592287161245319778
669|1592287776866|1592287776|1592287774295489071
670|1592288389665|1592288389|1592288387218606598
671|1592289002112|1592289001|1592288999604975488
672|1592289615033|1592289613|1592289612379034367
673|1592290228493|1592290226|1592290225336335153
674|1592290840472|1592290839|1592290837905878069
675|1592291453523|1592291451|1592291450456836428
676|1592292066664|1592292065|1592292063452724434
677|1592292678934|1592292677|1592292676415340275
Parsing finished
