Starting parse...
113|1591947064208|1591946863|1591946861577547187
113|1591947314241|1591946863|1591946861577547187
114|1591947476897|1591947475|1591947474363746271
114|1591947546942|1591947475|1591947474363746271
114|1591947676999|1591947475|1591947474363746271
114|1591947927039|1591947475|1591947474363746271
115|1591948089438|1591948088|1591948086928647305
115|1591948159486|1591948088|1591948086928647305
115|1591948289529|1591948088|1591948086928647305
115|1591948539581|1591948088|1591948086928647305
116|1591948702509|1591948701|1591948699911740461
116|1591948772553|1591948701|1591948699911740461
116|1591948902609|1591948701|1591948699911740461
116|1591949083852|1591948701|1591948699911740461
117|1591949247451|1591949314|1591949313786419684
117|1591949317496|1591949314|1591949313786419684
117|1591949451984|1591949314|1591949313786419684
117|1591949722881|1591949314|1591949313786419684
118|1591949899384|1591949928|1591949926862292633
118|1591949975259|1591949928|1591949926862292633
118|1591950116142|1591949928|1591949926862292633
118|1591950379489|1591949928|1591949926862292633
119|1591950543032|1591950542|1591950540521938842
119|1591950613071|1591950542|1591950540521938842
119|1591950743123|1591950542|1591950540521938842
119|1591950993163|1591950542|1591950540521938842
120|1591951158562|1591951157|1591951153732369721
120|1591951228605|1591951157|1591951153732369721
120|1591951358660|1591951157|1591951153732369721
120|1591951608696|1591951157|1591951153732369721
121|1591951768697|1591951767|1591951766266772859
121|1591951838740|1591951767|1591951766266772859
121|1591951968791|1591951767|1591951766266772859
121|1591952218831|1591951767|1591951766266772859
122|1591952382162|1591952381|1591952379711927820
122|1591952452194|1591952381|1591952379711927820
122|1591952582240|1591952381|1591952379711927820
122|1591952832293|1591952381|1591952379711927820
123|1591952996075|1591952994|1591952993477962445
123|1591953066169|1591952994|1591952993477962445
123|1591953196218|1591952994|1591952993477962445
123|1591953446264|1591952994|1591952993477962445
124|1591953610244|1591953608|1591953606264019689
124|1591953680287|1591953608|1591953606264019689
124|1591953810347|1591953608|1591953606264019689
124|1591954060392|1591953608|1591953606264019689
125|1591954222724|1591954220|1591954219054382400
125|1591954292770|1591954220|1591954219054382400
125|1591954422825|1591954220|1591954219054382400
125|1591954672858|1591954220|1591954219054382400
126|1591954834803|1591954833|1591954832268109776
126|1591954904847|1591954833|1591954832268109776
126|1591955034898|1591954833|1591954832268109776
126|1591955284947|1591954833|1591954832268109776
127|1591955448132|1591955447|1591955445629072328
127|1591955518175|1591955447|1591955445629072328
127|1591955648218|1591955447|1591955445629072328
127|1591955898275|1591955447|1591955445629072328
128|1591956062054|1591956060|1591956058599894850
128|1591956132107|1591956060|1591956058599894850
128|1591956262157|1591956060|1591956058599894850
128|1591956512191|1591956060|1591956058599894850
129|1591956674149|1591956673|1591956671617447112
129|1591956746066|1591956673|1591956671617447112
129|1591956876111|1591956673|1591956671617447112
129|1591957126163|1591956673|1591956671617447112
130|1591957287105|1591957286|1591957284615935222
130|1591957357135|1591957286|1591957284615935222
130|1591957487183|1591957286|1591957284615935222
130|1591957737234|1591957286|1591957284615935222
131|1591957899961|1591957899|1591957897503166971
131|1591957970014|1591957899|1591957897503166971
131|1591958100058|1591957899|1591957897503166971
131|1591958350122|1591957899|1591957897503166971
132|1591958513193|1591958512|1591958510692542941
132|1591958583233|1591958512|1591958510692542941
132|1591958713286|1591958512|1591958510692542941
132|1591958963329|1591958512|1591958510692542941
133|1591959126248|1591959125|1591959123436502464
133|1591959196298|1591959125|1591959123436502464
133|1591959326350|1591959125|1591959123436502464
133|1591959576387|1591959125|1591959123436502464
134|1591959738552|1591959737|1591959736007393535
134|1591959808600|1591959737|1591959736007393535
134|1591959938644|1591959737|1591959736007393535
134|1591960188694|1591959737|1591959736007393535
135|1591960351482|1591960350|1591960348984842420
135|1591960421534|1591960350|1591960348984842420
135|1591960551574|1591960350|1591960348984842420
135|1591960801626|1591960350|1591960348984842420
136|1591960964241|1591960963|1591960961717992080
136|1591961034307|1591960963|1591960961717992080
136|1591961164334|1591960963|1591960961717992080
136|1591961414386|1591960963|1591960961717992080
137|1591961577004|1591961576|1591961574487763218
137|1591961647041|1591961576|1591961574487763218
137|1591961777094|1591961576|1591961574487763218
137|1591962027140|1591961576|1591961574487763218
138|1591962190704|1591962189|1591962187698021469
138|1591962260757|1591962189|1591962187698021469
138|1591962390817|1591962189|1591962187698021469
138|1591962640860|1591962189|1591962187698021469
139|1591962803864|1591962801|1591962800641764084
139|1591962873909|1591962801|1591962800641764084
139|1591963003960|1591962801|1591962800641764084
139|1591963254014|1591962801|1591962800641764084
140|1591963418498|1591963417|1591963413391749986
140|1591963488543|1591963417|1591963413391749986
140|1591963618594|1591963417|1591963413391749986
140|1591963868668|1591963417|1591963413391749986
141|1591964028235|1591964027|1591964025758846464
141|1591964098286|1591964027|1591964025758846464
141|1591964228332|1591964027|1591964025758846464
141|1591964478417|1591964027|1591964025758846464
142|1591964641946|1591964640|1591964638517617651
142|1591964711986|1591964640|1591964638517617651
142|1591964842052|1591964640|1591964638517617651
142|1591965092100|1591964640|1591964638517617651
143|1591965254836|1591965253|1591965251459826899
143|1591965324882|1591965253|1591965251459826899
143|1591965454960|1591965253|1591965251459826899
143|1591965705003|1591965253|1591965251459826899
144|1591965866452|1591965865|1591965864010532416
144|1591965936501|1591965865|1591965864010532416
144|1591966066551|1591965865|1591965864010532416
144|1591966317459|1591965865|1591965864010532416
145|1591966479980|1591966478|1591966476763437810
145|1591966550025|1591966478|1591966476763437810
145|1591966680068|1591966478|1591966476763437810
145|1591966930117|1591966478|1591966476763437810
146|1591967092041|1591967091|1591967089505608207
146|1591967162098|1591967091|1591967089505608207
146|1591967292142|1591967091|1591967089505608207
146|1591967542191|1591967091|1591967089505608207
147|1591967705022|1591967703|1591967702536598698
147|1591967775070|1591967703|1591967702536598698
147|1591967905125|1591967703|1591967702536598698
147|1591968155156|1591967703|1591967702536598698
148|1591968318131|1591968317|1591968315617787283
148|1591968388179|1591968317|1591968315617787283
148|1591968518220|1591968317|1591968315617787283
148|1591968768269|1591968317|1591968315617787283
149|1591968931260|1591968930|1591968928790062869
149|1591969001301|1591968930|1591968928790062869
149|1591969131352|1591968930|1591968928790062869
149|1591969381389|1591968930|1591968928790062869
150|1591969544355|1591969543|1591969541894711502
150|1591969614400|1591969543|1591969541894711502
150|1591969744450|1591969543|1591969541894711502
150|1591969994501|1591969543|1591969541894711502
151|1591970158113|1591970156|1591970154995242844
151|1591970228180|1591970156|1591970154995242844
151|1591970358212|1591970156|1591970154995242844
151|1591970608253|1591970156|1591970154995242844
152|1591970772107|1591970770|1591970768448584479
152|1591970842155|1591970770|1591970768448584479
152|1591970972202|1591970770|1591970768448584479
152|1591971222251|1591970770|1591970768448584479
153|1591971384826|1591971383|1591971382175418608
153|1591971454889|1591971383|1591971382175418608
153|1591971584916|1591971383|1591971382175418608
153|1591971834965|1591971383|1591971382175418608
154|1591971997880|1591971996|1591971995128984400
154|1591972067941|1591971996|1591971995128984400
154|1591972197984|1591971996|1591971995128984400
154|1591972448040|1591971996|1591971995128984400
155|1591972611758|1591972610|1591972608800102483
155|1591972681802|1591972610|1591972608800102483
155|1591972811858|1591972610|1591972608800102483
155|1591973061897|1591972610|1591972608800102483
156|1591973224065|1591973223|1591973221628158706
156|1591973294115|1591973223|1591973221628158706
156|1591973424173|1591973223|1591973221628158706
156|1591973674208|1591973223|1591973221628158706
157|1591973838253|1591973837|1591973835458310328
157|1591973908310|1591973837|1591973835458310328
157|1591974038355|1591973837|1591973835458310328
157|1591974288407|1591973837|1591973835458310328
158|1591974451563|1591974450|1591974449040973884
158|1591974521596|1591974450|1591974449040973884
158|1591974651646|1591974450|1591974449040973884
158|1591974901693|1591974450|1591974449040973884
159|1591975064493|1591975063|1591975061943532577
159|1591975134540|1591975063|1591975061943532577
159|1591975264582|1591975063|1591975061943532577
159|1591975514646|1591975063|1591975061943532577
160|1591975679319|1591975678|1591975676938519020
160|1591975749367|1591975678|1591975676938519020
160|1591975879407|1591975678|1591975676938519020
160|1591976129450|1591975678|1591975676938519020
161|1591976299148|1591976297|1591976296086846776
161|1591976369198|1591976297|1591976296086846776
161|1591976499256|1591976297|1591976296086846776
161|1591976749323|1591976297|1591976296086846776
162|1591976912150|1591976911|1591976909592358544
162|1591976982654|1591976911|1591976909592358544
162|1591977112706|1591976911|1591976909592358544
162|1591977362753|1591976911|1591976909592358544
163|1591977525361|1591977523|1591977522161342537
163|1591977595413|1591977523|1591977522161342537
163|1591977725455|1591977523|1591977522161342537
163|1591977975507|1591977523|1591977522161342537
164|1591978138062|1591978136|1591978135121210667
164|1591978208106|1591978136|1591978135121210667
164|1591978338156|1591978136|1591978135121210667
164|1591978588200|1591978136|1591978135121210667
165|1591978750398|1591978749|1591978747893953660
165|1591978820960|1591978749|1591978747893953660
165|1591978951004|1591978749|1591978747893953660
165|1591979201050|1591978749|1591978747893953660
166|1591979363642|1591979362|1591979361143733233
166|1591979433691|1591979362|1591979361143733233
166|1591979563739|1591979362|1591979361143733233
166|1591979813797|1591979362|1591979361143733233
167|1591979977212|1591979975|1591979973946377668
167|1591980047252|1591979975|1591979973946377668
167|1591980177300|1591979975|1591979973946377668
167|1591980427349|1591979975|1591979973946377668
168|1591980590268|1591980589|1591980587652401998
168|1591980660316|1591980589|1591980587652401998
168|1591980790366|1591980589|1591980587652401998
168|1591981040425|1591980589|1591980587652401998
169|1591981203808|1591981201|1591981200420064983
169|1591981273852|1591981201|1591981200420064983
169|1591981403895|1591981201|1591981200420064983
169|1591981653939|1591981201|1591981200420064983
170|1591981816828|1591981815|1591981813671145381
170|1591981886867|1591981815|1591981813671145381
170|1591982016913|1591981815|1591981813671145381
170|1591982266963|1591981815|1591981813671145381
171|1591982429296|1591982427|1591982426411211468
171|1591982499346|1591982427|1591982426411211468
171|1591982629398|1591982427|1591982426411211468
171|1591982879435|1591982427|1591982426411211468
172|1591983042302|1591983040|1591983039070233876
172|1591983112353|1591983040|1591983039070233876
172|1591983242403|1591983040|1591983039070233876
172|1591983492459|1591983040|1591983039070233876
173|1591983655361|1591983654|1591983652691526880
173|1591983725405|1591983654|1591983652691526880
173|1591983855449|1591983654|1591983652691526880
173|1591984105493|1591983654|1591983652691526880
174|1591984267945|1591984266|1591984265333857080
174|1591984337999|1591984266|1591984265333857080
174|1591984468042|1591984266|1591984265333857080
174|1591984719993|1591984266|1591984265333857080
175|1591984880953|1591984879|1591984877772867695
175|1591984951003|1591984879|1591984877772867695
175|1591985081048|1591984879|1591984877772867695
175|1591985331089|1591984879|1591984877772867695
176|1591985492767|1591985491|1591985490341665120
176|1591985562821|1591985491|1591985490341665120
176|1591985692876|1591985491|1591985490341665120
176|1591985942929|1591985491|1591985490341665120
177|1591986106409|1591986105|1591986103926479133
177|1591986176446|1591986105|1591986103926479133
177|1591986306497|1591986105|1591986103926479133
177|1591986556549|1591986105|1591986103926479133
178|1591986720031|1591986718|1591986716780354356
178|1591986790085|1591986718|1591986716780354356
178|1591986920129|1591986718|1591986716780354356
178|1591987170181|1591986718|1591986716780354356
179|1591987333947|1591987332|1591987330692167494
179|1591987404005|1591987332|1591987330692167494
179|1591987534050|1591987332|1591987330692167494
179|1591987784096|1591987332|1591987330692167494
180|1591987946838|1591987945|1591987943672253410
180|1591988016885|1591987945|1591987943672253410
180|1591988146951|1591987945|1591987943672253410
180|1591988396987|1591987945|1591987943672253410
181|1591988559850|1591988558|1591988557325907388
181|1591988629893|1591988558|1591988557325907388
181|1591988759951|1591988558|1591988557325907388
181|1591989010004|1591988558|1591988557325907388
182|1591989174867|1591989172|1591989170518215710
182|1591989244915|1591989172|1591989170518215710
182|1591989374960|1591989172|1591989170518215710
182|1591989625009|1591989172|1591989170518215710
183|1591989787582|1591989785|1591989783753006201
183|1591989857631|1591989785|1591989783753006201
183|1591989987670|1591989785|1591989783753006201
183|1591990237717|1591989785|1591989783753006201
184|1591990399000|1591990398|1591990396516226610
184|1591990469059|1591990398|1591990396516226610
184|1591990599103|1591990398|1591990396516226610
184|1591990849154|1591990398|1591990396516226610
185|1591991012307|1591991011|1591991009707232595
185|1591991082351|1591991011|1591991009707232595
185|1591991212396|1591991011|1591991009707232595
185|1591991462444|1591991011|1591991009707232595
186|1591991625178|1591991624|1591991622695226390
186|1591991695228|1591991624|1591991622695226390
186|1591991825277|1591991624|1591991622695226390
186|1591992075320|1591991624|1591991622695226390
187|1591992238626|1591992237|1591992235821261565
187|1591992308675|1591992237|1591992235821261565
187|1591992438723|1591992237|1591992235821261565
187|1591992688773|1591992237|1591992235821261565
188|1591992851096|1591992849|1591992848601101261
188|1591992921137|1591992849|1591992848601101261
188|1591993051187|1591992849|1591992848601101261
188|1591993301239|1591992849|1591992848601101261
189|1591993464038|1591993463|1591993461552260822
189|1591993534088|1591993463|1591993461552260822
189|1591993664171|1591993463|1591993461552260822
189|1591993914219|1591993463|1591993461552260822
190|1591994076917|1591994076|1591994074442041238
190|1591994146958|1591994076|1591994074442041238
190|1591994277004|1591994076|1591994074442041238
190|1591994527067|1591994076|1591994074442041238
191|1591994690033|1591994688|1591994686995083020
191|1591994760080|1591994688|1591994686995083020
191|1591994890128|1591994688|1591994686995083020
191|1591995140181|1591994688|1591994686995083020
192|1591995302209|1591995301|1591995299767092528
192|1591995372265|1591995301|1591995299767092528
192|1591995502301|1591995301|1591995299767092528
192|1591995752347|1591995301|1591995299767092528
193|1591995915765|1591995914|1591995912736013392
193|1591995985806|1591995914|1591995912736013392
193|1591996115864|1591995914|1591995912736013392
193|1591996365913|1591995914|1591995912736013392
194|1591996529000|1591996526|1591996525611686668
194|1591996599035|1591996526|1591996525611686668
194|1591996729086|1591996526|1591996525611686668
194|1591996979134|1591996526|1591996525611686668
195|1591997141086|1591997140|1591997138551963001
195|1591997211118|1591997140|1591997138551963001
195|1591997341166|1591997140|1591997138551963001
195|1591997591219|1591997140|1591997138551963001
196|1591997754417|1591997753|1591997751925055336
196|1591997824451|1591997753|1591997751925055336
196|1591997954504|1591997753|1591997751925055336
196|1591998204541|1591997753|1591997751925055336
197|1591998367754|1591998367|1591998365248483522
197|1591998437802|1591998367|1591998365248483522
197|1591998567853|1591998367|1591998365248483522
197|1591998817900|1591998367|1591998365248483522
198|1591998981543|1591998979|1591998978339500567
198|1591999051592|1591998979|1591998978339500567
198|1591999181635|1591998979|1591998978339500567
198|1591999431682|1591998979|1591998978339500567
199|1591999593327|1591999592|1591999590927870445
199|1591999663375|1591999592|1591999590927870445
199|1591999793417|1591999592|1591999590927870445
199|1592000043463|1591999592|1591999590927870445
200|1592000207101|1592000205|1592000203883015685
200|1592000277155|1592000205|1592000203883015685
200|1592000407199|1592000205|1592000203883015685
200|1592000657243|1592000205|1592000203883015685
201|1592000819355|1592000818|1592000816914105616
201|1592000889409|1592000818|1592000816914105616
201|1592001019446|1592000818|1592000816914105616
201|1592001269492|1592000818|1592000816914105616
202|1592001433306|1592001432|1592001430787056379
202|1592001503355|1592001432|1592001430787056379
202|1592001633402|1592001432|1592001430787056379
202|1592001883454|1592001432|1592001430787056379
203|1592002047520|1592002045|1592002044203918614
203|1592002117547|1592002045|1592002044203918614
203|1592002247591|1592002045|1592002044203918614
203|1592002497638|1592002045|1592002044203918614
204|1592002660164|1592002659|1592002657346108771
204|1592002730210|1592002659|1592002657346108771
204|1592002860254|1592002659|1592002657346108771
204|1592003110302|1592002659|1592002657346108771
205|1592003282239|1592003280|1592003278989945502
205|1592003352278|1592003280|1592003278989945502
205|1592003482327|1592003280|1592003278989945502
205|1592003732381|1592003280|1592003278989945502
206|1592003895122|1592003894|1592003892577148809
206|1592003965176|1592003894|1592003892577148809
206|1592004095219|1592003894|1592003892577148809
206|1592004345263|1592003894|1592003892577148809
207|1592004507724|1592004507|1592004505216271879
207|1592004577775|1592004507|1592004505216271879
207|1592004707819|1592004507|1592004505216271879
207|1592004957875|1592004507|1592004505216271879
208|1592005124207|1592005122|1592005121257100775
208|1592005194256|1592005122|1592005121257100775
208|1592005324302|1592005122|1592005121257100775
208|1592005574353|1592005122|1592005121257100775
209|1592005736521|1592005735|1592005733959894126
209|1592005806559|1592005735|1592005733959894126
209|1592005936604|1592005735|1592005733959894126
209|1592006186665|1592005735|1592005733959894126
210|1592006349618|1592006348|1592006347093742394
210|1592006419661|1592006348|1592006347093742394
210|1592006549712|1592006348|1592006347093742394
210|1592006799761|1592006348|1592006347093742394
211|1592006962680|1592006962|1592006960245271660
211|1592007032728|1592006962|1592006960245271660
211|1592007162782|1592006962|1592006960245271660
211|1592007412827|1592006962|1592006960245271660
212|1592007575509|1592007574|1592007573028762267
212|1592007645550|1592007574|1592007573028762267
212|1592007775595|1592007574|1592007573028762267
212|1592008025642|1592007574|1592007573028762267
213|1592008188757|1592008187|1592008185649981554
213|1592008258802|1592008187|1592008185649981554
213|1592008388850|1592008187|1592008185649981554
213|1592008638904|1592008187|1592008185649981554
214|1592008801208|1592008799|1592008798488860158
214|1592008871252|1592008799|1592008798488860158
214|1592009001305|1592008799|1592008798488860158
214|1592009251346|1592008799|1592008798488860158
215|1592009413899|1592009413|1592009411493130263
215|1592009483943|1592009413|1592009411493130263
215|1592009614005|1592009413|1592009411493130263
215|1592009864041|1592009413|1592009411493130263
216|1592010026594|1592010025|1592010024076836265
216|1592010096642|1592010025|1592010024076836265
216|1592010226689|1592010025|1592010024076836265
216|1592010476738|1592010025|1592010024076836265
217|1592010640239|1592010638|1592010637085729432
217|1592010710280|1592010638|1592010637085729432
217|1592010840332|1592010638|1592010637085729432
217|1592011090377|1592010638|1592010637085729432
218|1592011252105|1592011251|1592011249702204681
218|1592011322150|1592011251|1592011249702204681
218|1592011452218|1592011251|1592011249702204681
218|1592011702271|1592011251|1592011249702204681
219|1592011865526|1592011864|1592011862470959235
219|1592011935572|1592011864|1592011862470959235
219|1592012065618|1592011864|1592011862470959235
219|1592012315688|1592011864|1592011862470959235
220|1592012478044|1592012476|1592012475479932148
220|1592012548085|1592012476|1592012475479932148
220|1592012678140|1592012476|1592012475479932148
220|1592012928195|1592012476|1592012475479932148
221|1592013090516|1592013089|1592013087895448833
221|1592013160577|1592013089|1592013087895448833
221|1592013290610|1592013089|1592013087895448833
221|1592013540661|1592013089|1592013087895448833
222|1592013704207|1592013702|1592013700975101397
222|1592013774251|1592013702|1592013700975101397
222|1592013904305|1592013702|1592013700975101397
222|1592014154760|1592013702|1592013700975101397
223|1592014317305|1592014315|1592014313979914895
223|1592014387345|1592014315|1592014313979914895
223|1592014517396|1592014315|1592014313979914895
223|1592014767457|1592014315|1592014313979914895
224|1592014929299|1592014927|1592014926751815505
224|1592014999327|1592014927|1592014926751815505
224|1592015129385|1592014927|1592014926751815505
224|1592015379426|1592014927|1592014926751815505
225|1592015542319|1592015541|1592015539744708209
225|1592015612356|1592015541|1592015539744708209
225|1592015742402|1592015541|1592015539744708209
225|1592015992450|1592015541|1592015539744708209
226|1592016154494|1592016153|1592016152101106631
226|1592016224540|1592016153|1592016152101106631
226|1592016354595|1592016153|1592016152101106631
226|1592016604635|1592016153|1592016152101106631
227|1592016767725|1592016766|1592016765128004244
227|1592016837782|1592016766|1592016765128004244
227|1592016967827|1592016766|1592016765128004244
227|1592017217880|1592016766|1592016765128004244
228|1592017381208|1592017380|1592017378760992264
228|1592017451259|1592017380|1592017378760992264
228|1592017581299|1592017380|1592017378760992264
228|1592017831353|1592017380|1592017378760992264
229|1592017996471|1592017994|1592017993426115101
229|1592018066517|1592017994|1592017993426115101
229|1592018196565|1592017994|1592017993426115101
229|1592018446623|1592017994|1592017993426115101
230|1592018614141|1592018612|1592018611663934105
230|1592018684206|1592018612|1592018611663934105
230|1592018814235|1592018612|1592018611663934105
230|1592019064297|1592018612|1592018611663934105
231|1592019237473|1592019236|1592019234367097209
231|1592019307524|1592019236|1592019234367097209
231|1592019437581|1592019236|1592019234367097209
231|1592019687618|1592019236|1592019234367097209
232|1592019857010|1592019856|1592019854605739810
232|1592019927061|1592019856|1592019854605739810
232|1592020057110|1592019856|1592019854605739810
232|1592020307169|1592019856|1592019854605739810
233|1592020474116|1592020472|1592020470892191645
233|1592020544164|1592020472|1592020470892191645
233|1592020674216|1592020472|1592020470892191645
233|1592020924257|1592020472|1592020470892191645
234|1592021086514|1592021084|1592021083665785451
234|1592021156554|1592021084|1592021083665785451
234|1592021286607|1592021084|1592021083665785451
234|1592021536661|1592021084|1592021083665785451
235|1592021699991|1592021698|1592021696459156638
235|1592021770036|1592021698|1592021696459156638
235|1592021900080|1592021698|1592021696459156638
235|1592022150127|1592021698|1592021696459156638
236|1592022312799|1592022310|1592022309449134295
236|1592022382848|1592022310|1592022309449134295
236|1592022512890|1592022310|1592022309449134295
236|1592022762936|1592022310|1592022309449134295
237|1592022924804|1592022923|1592022922326831521
237|1592022994844|1592022923|1592022922326831521
237|1592023124897|1592022923|1592022922326831521
237|1592023374944|1592022923|1592022922326831521
238|1592023538061|1592023536|1592023534957381923
238|1592023608110|1592023536|1592023534957381923
238|1592023739006|1592023536|1592023534957381923
238|1592023989050|1592023536|1592023534957381923
239|1592024150604|1592024149|1592024147970326415
239|1592024220655|1592024149|1592024147970326415
239|1592024350705|1592024149|1592024147970326415
239|1592024600750|1592024149|1592024147970326415
240|1592024762906|1592024761|1592024760386682498
240|1592024832950|1592024761|1592024760386682498
240|1592024962992|1592024761|1592024760386682498
240|1592025213043|1592024761|1592024760386682498
241|1592025375506|1592025374|1592025372987182402
241|1592025445556|1592025374|1592025372987182402
241|1592025575615|1592025374|1592025372987182402
241|1592025825664|1592025374|1592025372987182402
242|1592025988728|1592025987|1592025985938274230
242|1592026058768|1592025987|1592025985938274230
242|1592026188815|1592025987|1592025985938274230
242|1592026438860|1592025987|1592025985938274230
243|1592026602179|1592026600|1592026598938904342
243|1592026672226|1592026600|1592026598938904342
243|1592026802275|1592026600|1592026598938904342
243|1592027052316|1592026600|1592026598938904342
244|1592027214502|1592027213|1592027212083416699
244|1592027284554|1592027213|1592027212083416699
244|1592027414600|1592027213|1592027212083416699
244|1592027664649|1592027213|1592027212083416699
245|1592027827590|1592027826|1592027825120988212
245|1592027897620|1592027826|1592027825120988212
245|1592028027683|1592027826|1592027825120988212
245|1592028277729|1592027826|1592027825120988212
246|1592028441302|1592028439|1592028438357403064
246|1592028511355|1592028439|1592028438357403064
246|1592028641401|1592028439|1592028438357403064
246|1592028891454|1592028439|1592028438357403064
247|1592029053410|1592029052|1592029050952933919
247|1592029123459|1592029052|1592029050952933919
247|1592029253497|1592029052|1592029050952933919
247|1592029503558|1592029052|1592029050952933919
248|1592029666048|1592029665|1592029663552145929
248|1592029736091|1592029665|1592029663552145929
248|1592029866140|1592029665|1592029663552145929
248|1592030116192|1592029665|1592029663552145929
249|1592030279636|1592030278|1592030276553719890
249|1592030349696|1592030278|1592030276553719890
249|1592030479742|1592030278|1592030276553719890
249|1592030729793|1592030278|1592030276553719890
250|1592030892397|1592030890|1592030889161848408
250|1592030962436|1592030890|1592030889161848408
250|1592031092504|1592030890|1592030889161848408
250|1592031342547|1592030890|1592030889161848408
251|1592031504812|1592031503|1592031501771486726
251|1592031574853|1592031503|1592031501771486726
251|1592031704900|1592031503|1592031501771486726
251|1592031954955|1592031503|1592031501771486726
252|1592032117924|1592032116|1592032114787749959
252|1592032187974|1592032116|1592032114787749959
252|1592032318018|1592032116|1592032114787749959
252|1592032568061|1592032116|1592032114787749959
253|1592032735876|1592032734|1592032733306600440
253|1592032805936|1592032734|1592032733306600440
253|1592032935983|1592032734|1592032733306600440
253|1592033186035|1592032734|1592032733306600440
254|1592033358400|1592033357|1592033355963259566
254|1592033428450|1592033357|1592033355963259566
254|1592033558503|1592033357|1592033355963259566
254|1592033808552|1592033357|1592033355963259566
255|1592033972631|1592033972|1592033970181989858
255|1592034042673|1592033972|1592033970181989858
255|1592034172734|1592033972|1592033970181989858
255|1592034422771|1592033972|1592033970181989858
256|1592034585695|1592034584|1592034583087849539
256|1592034655724|1592034584|1592034583087849539
256|1592034785771|1592034584|1592034583087849539
256|1592035035818|1592034584|1592034583087849539
257|1592035207708|1592035207|1592035205219819969
257|1592035277767|1592035207|1592035205219819969
257|1592035407808|1592035207|1592035205219819969
257|1592035657865|1592035207|1592035205219819969
258|1592035821237|1592035820|1592035818801189069
258|1592035891285|1592035820|1592035818801189069
258|1592036021990|1592035820|1592035818801189069
258|1592036272030|1592035820|1592035818801189069
259|1592036444792|1592036444|1592036442293940573
259|1592036514859|1592036444|1592036442293940573
259|1592036644914|1592036444|1592036442293940573
259|1592036894961|1592036444|1592036442293940573
260|1592037062418|1592037061|1592037059333042204
260|1592037132466|1592037061|1592037059333042204
260|1592037262516|1592037061|1592037059333042204
260|1592037512568|1592037061|1592037059333042204
261|1592037675796|1592037674|1592037673260971250
261|1592037745839|1592037674|1592037673260971250
261|1592037875898|1592037674|1592037673260971250
261|1592038125940|1592037674|1592037673260971250
262|1592038288404|1592038286|1592038285062826156
262|1592038358457|1592038286|1592038285062826156
262|1592038488502|1592038286|1592038285062826156
262|1592038738563|1592038286|1592038285062826156
263|1592038899954|1592038898|1592038897436990511
263|1592038969990|1592038898|1592038897436990511
263|1592039100032|1592038898|1592038897436990511
263|1592039350086|1592038898|1592038897436990511
264|1592039512906|1592039512|1592039510398826916
264|1592039582947|1592039512|1592039510398826916
264|1592039712991|1592039512|1592039510398826916
264|1592039963046|1592039512|1592039510398826916
265|1592040127574|1592040125|1592040124063113498
265|1592040197634|1592040125|1592040124063113498
265|1592040327667|1592040125|1592040124063113498
265|1592040577711|1592040125|1592040124063113498
266|1592040739350|1592040738|1592040736867566723
266|1592040809392|1592040738|1592040736867566723
266|1592040939442|1592040738|1592040736867566723
266|1592041189493|1592040738|1592040736867566723
267|1592041353995|1592041351|1592041349817799387
267|1592041424580|1592041351|1592041349817799387
267|1592041554632|1592041351|1592041349817799387
267|1592041804692|1592041351|1592041349817799387
268|1592041965904|1592041964|1592041963356020836
268|1592042035948|1592041964|1592041963356020836
268|1592042165992|1592041964|1592041963356020836
268|1592042416047|1592041964|1592041963356020836
269|1592042582531|1592042580|1592042579350896454
269|1592042652588|1592042580|1592042579350896454
269|1592042782661|1592042580|1592042579350896454
269|1592043032711|1592042580|1592042579350896454
270|1592043195235|1592043194|1592043192658754973
270|1592043265290|1592043194|1592043192658754973
270|1592043395327|1592043194|1592043192658754973
270|1592043645374|1592043194|1592043192658754973
271|1592043808332|1592043807|1592043805847119894
271|1592043878380|1592043807|1592043805847119894
271|1592044008434|1592043807|1592043805847119894
271|1592044258481|1592043807|1592043805847119894
272|1592044421842|1592044419|1592044418711585749
272|1592044491886|1592044419|1592044418711585749
272|1592044621931|1592044419|1592044418711585749
272|1592044871987|1592044419|1592044418711585749
273|1592045033921|1592045032|1592045031036474086
273|1592045103974|1592045032|1592045031036474086
273|1592045234020|1592045032|1592045031036474086
273|1592045484067|1592045032|1592045031036474086
274|1592045649029|1592045648|1592045646504619956
274|1592045719081|1592045648|1592045646504619956
274|1592045849132|1592045648|1592045646504619956
274|1592046099184|1592045648|1592045646504619956
275|1592046262196|1592046259|1592046258850075808
275|1592046332269|1592046259|1592046258850075808
275|1592046462372|1592046259|1592046258850075808
275|1592046712413|1592046259|1592046258850075808
276|1592046874707|1592046874|1592046872227274892
276|1592046944759|1592046874|1592046872227274892
276|1592047074796|1592046874|1592046872227274892
276|1592047324882|1592046874|1592046872227274892
277|1592047487581|1592047485|1592047484418240826
277|1592047557620|1592047485|1592047484418240826
277|1592047687674|1592047485|1592047484418240826
277|1592047937733|1592047485|1592047484418240826
278|1592048100491|1592048098|1592048097256407177
278|1592048170538|1592048098|1592048097256407177
278|1592048300582|1592048098|1592048097256407177
278|1592048550631|1592048098|1592048097256407177
279|1592048712667|1592048711|1592048710050611533
279|1592048782710|1592048711|1592048710050611533
279|1592048912754|1592048711|1592048710050611533
279|1592049162801|1592048711|1592048710050611533
280|1592049325300|1592049324|1592049322827953310
280|1592049395345|1592049324|1592049322827953310
280|1592049525398|1592049324|1592049322827953310
280|1592049775440|1592049324|1592049322827953310
281|1592049939063|1592049936|1592049935815433368
281|1592050009110|1592049936|1592049935815433368
281|1592050139154|1592049936|1592049935815433368
281|1592050389215|1592049936|1592049935815433368
282|1592050550719|1592050549|1592050548201954431
282|1592050620759|1592050549|1592050548201954431
282|1592050750804|1592050549|1592050548201954431
282|1592051000852|1592050549|1592050548201954431
283|1592051163274|1592051162|1592051160781785952
283|1592051233321|1592051162|1592051160781785952
283|1592051363371|1592051162|1592051160781785952
283|1592051613422|1592051162|1592051160781785952
284|1592051776018|1592051774|1592051773523500260
284|1592051846071|1592051774|1592051773523500260
284|1592051976113|1592051774|1592051773523500260
284|1592052226160|1592051774|1592051773523500260
285|1592052388810|1592052388|1592052386315892012
285|1592052458880|1592052388|1592052386315892012
285|1592052588895|1592052388|1592052386315892012
285|1592052838949|1592052388|1592052386315892012
286|1592053001700|1592053001|1592052999148634474
286|1592053071751|1592053001|1592052999148634474
286|1592053201796|1592053001|1592052999148634474
286|1592053451859|1592053001|1592052999148634474
287|1592053614638|1592053613|1592053612142513132
287|1592053684690|1592053613|1592053612142513132
287|1592053814737|1592053613|1592053612142513132
287|1592054064784|1592053613|1592053612142513132
288|1592054231056|1592054229|1592054225103085937
288|1592054301108|1592054229|1592054225103085937
288|1592054431155|1592054229|1592054225103085937
288|1592054681203|1592054229|1592054225103085937
289|1592054842058|1592054839|1592054838097249829
289|1592054912118|1592054839|1592054838097249829
289|1592055042166|1592054839|1592054838097249829
289|1592055292211|1592054839|1592054838097249829
290|1592055454686|1592055454|1592055452204609076
290|1592055524730|1592055454|1592055452204609076
290|1592055654774|1592055454|1592055452204609076
290|1592055904825|1592055454|1592055452204609076
291|1592056068982|1592056067|1592056065818603801
291|1592056139028|1592056067|1592056065818603801
291|1592056269073|1592056067|1592056065818603801
291|1592056519117|1592056067|1592056065818603801
292|1592056681123|1592056679|1592056678607285068
292|1592056751171|1592056679|1592056678607285068
292|1592056881215|1592056679|1592056678607285068
292|1592057131268|1592056679|1592056678607285068
293|1592057293899|1592057293|1592057291380807818
293|1592057363942|1592057293|1592057291380807818
293|1592057493995|1592057293|1592057291380807818
293|1592057744051|1592057293|1592057291380807818
294|1592057908254|1592057906|1592057905157800068
294|1592057978308|1592057906|1592057905157800068
294|1592058108360|1592057906|1592057905157800068
294|1592058358422|1592057906|1592057905157800068
295|1592058520497|1592058519|1592058518046198300
295|1592058590574|1592058519|1592058518046198300
295|1592058720617|1592058519|1592058518046198300
295|1592058970669|1592058519|1592058518046198300
296|1592059134218|1592059132|1592059131036780913
296|1592059204270|1592059132|1592059131036780913
296|1592059334320|1592059132|1592059131036780913
296|1592059584375|1592059132|1592059131036780913
297|1592059747045|1592059745|1592059743993916245
297|1592059817085|1592059745|1592059743993916245
297|1592059947129|1592059745|1592059743993916245
297|1592060197188|1592059745|1592059743993916245
298|1592060359046|1592060357|1592060356575009732
298|1592060429077|1592060357|1592060356575009732
298|1592060559123|1592060357|1592060356575009732
298|1592060809185|1592060357|1592060356575009732
299|1592060971808|1592060971|1592060969377984622
299|1592061041854|1592060971|1592060969377984622
299|1592061171906|1592060971|1592060969377984622
299|1592061421953|1592060971|1592060969377984622
300|1592061584979|1592061583|1592061582357115542
300|1592061655005|1592061583|1592061582357115542
300|1592061785058|1592061583|1592061582357115542
300|1592062035105|1592061583|1592061582357115542
301|1592062197900|1592062196|1592062195344945326
301|1592062267948|1592062196|1592062195344945326
301|1592062397995|1592062196|1592062195344945326
301|1592062648045|1592062196|1592062195344945326
302|1592062810602|1592062809|1592062808102966656
302|1592062880649|1592062809|1592062808102966656
302|1592063010695|1592062809|1592062808102966656
302|1592063260744|1592062809|1592062808102966656
303|1592063423618|1592063422|1592063421082958479
303|1592063493662|1592063422|1592063421082958479
303|1592063623706|1592063422|1592063421082958479
303|1592063873751|1592063422|1592063421082958479
304|1592064036756|1592064035|1592064033886093575
304|1592064106808|1592064035|1592064033886093575
304|1592064236859|1592064035|1592064033886093575
304|1592064486900|1592064035|1592064033886093575
305|1592064648941|1592064648|1592064646484942728
305|1592064718978|1592064648|1592064646484942728
305|1592064849025|1592064648|1592064646484942728
305|1592065099091|1592064648|1592064646484942728
306|1592065262764|1592065260|1592065259473241369
306|1592065332818|1592065260|1592065259473241369
306|1592065462861|1592065260|1592065259473241369
306|1592065712917|1592065260|1592065259473241369
307|1592065875431|1592065873|1592065872269590906
307|1592065945477|1592065873|1592065872269590906
307|1592066075522|1592065873|1592065872269590906
307|1592066325570|1592065873|1592065872269590906
308|1592066488287|1592066486|1592066485047731777
308|1592066558340|1592066486|1592066485047731777
308|1592066688383|1592066486|1592066485047731777
308|1592066938433|1592066486|1592066485047731777
309|1592067100728|1592067099|1592067098279781447
309|1592067170775|1592067099|1592067098279781447
309|1592067300827|1592067099|1592067098279781447
309|1592067550866|1592067099|1592067098279781447
310|1592067714140|1592067712|1592067711045741929
310|1592067784181|1592067712|1592067711045741929
310|1592067914227|1592067712|1592067711045741929
310|1592068164270|1592067712|1592067711045741929
311|1592068326514|1592068325|1592068323397861365
311|1592068396568|1592068325|1592068323397861365
311|1592068526608|1592068325|1592068323397861365
311|1592068776655|1592068325|1592068323397861365
312|1592068938642|1592068937|1592068935957001884
312|1592069008691|1592068937|1592068935957001884
312|1592069138746|1592068937|1592068935957001884
312|1592069389639|1592068937|1592068935957001884
313|1592069551218|1592069550|1592069548719433490
313|1592069621259|1592069550|1592069548719433490
313|1592069751320|1592069550|1592069548719433490
313|1592070001363|1592069550|1592069548719433490
314|1592070164445|1592070163|1592070161543978509
314|1592070234501|1592070163|1592070161543978509
314|1592070364546|1592070163|1592070161543978509
314|1592070614590|1592070163|1592070161543978509
315|1592070776611|1592070775|1592070774106110972
315|1592070846661|1592070775|1592070774106110972
315|1592070976708|1592070775|1592070774106110972
315|1592071226755|1592070775|1592070774106110972
316|1592071390592|1592071389|1592071387434523630
316|1592071460641|1592071389|1592071387434523630
316|1592071590687|1592071389|1592071387434523630
316|1592071840732|1592071389|1592071387434523630
317|1592072002919|1592072001|1592072000414684543
317|1592072072969|1592072001|1592072000414684543
317|1592072203024|1592072001|1592072000414684543
317|1592072453073|1592072001|1592072000414684543
318|1592072617931|1592072615|1592072614092975028
318|1592072687988|1592072615|1592072614092975028
318|1592072818032|1592072615|1592072614092975028
318|1592073068079|1592072615|1592072614092975028
319|1592073230100|1592073229|1592073227647785162
319|1592073300157|1592073229|1592073227647785162
319|1592073430198|1592073229|1592073227647785162
319|1592073680257|1592073229|1592073227647785162
320|1592073843138|1592073841|1592073840616315042
320|1592073913196|1592073841|1592073840616315042
320|1592074043232|1592073841|1592073840616315042
320|1592074293284|1592073841|1592073840616315042
321|1592074457035|1592074455|1592074453832737351
321|1592074527086|1592074455|1592074453832737351
321|1592074657127|1592074455|1592074453832737351
321|1592074907186|1592074455|1592074453832737351
322|1592075069436|1592075068|1592075066849295856
322|1592075139481|1592075068|1592075066849295856
322|1592075269525|1592075068|1592075066849295856
322|1592075519575|1592075068|1592075066849295856
323|1592075682911|1592075681|1592075680506317041
323|1592075752964|1592075681|1592075680506317041
323|1592075883007|1592075681|1592075680506317041
323|1592076133058|1592075681|1592075680506317041
324|1592076296880|1592076296|1592076294233832525
324|1592076366928|1592076296|1592076294233832525
324|1592076496978|1592076296|1592076294233832525
324|1592076747019|1592076296|1592076294233832525
325|1592076909692|1592076908|1592076907116476354
325|1592076979737|1592076908|1592076907116476354
325|1592077109790|1592076908|1592076907116476354
325|1592077359846|1592076908|1592076907116476354
326|1592077522802|1592077521|1592077520113582407
326|1592077592838|1592077521|1592077520113582407
326|1592077722883|1592077521|1592077520113582407
326|1592077972934|1592077521|1592077520113582407
327|1592078135502|1592078134|1592078132974191293
327|1592078205544|1592078134|1592078132974191293
327|1592078335595|1592078134|1592078132974191293
327|1592078586081|1592078134|1592078132974191293
328|1592078748028|1592078747|1592078745147470206
328|1592078818076|1592078747|1592078745147470206
328|1592078948122|1592078747|1592078745147470206
328|1592079198167|1592078747|1592078745147470206
329|1592079360136|1592079359|1592079357686703232
329|1592079430182|1592079359|1592079357686703232
329|1592079560253|1592079359|1592079357686703232
329|1592079810285|1592079359|1592079357686703232
330|1592079972995|1592079971|1592079970046392658
330|1592080043050|1592079971|1592079970046392658
330|1592080173094|1592079971|1592079970046392658
330|1592080423139|1592079971|1592079970046392658
331|1592080585898|1592080584|1592080582990129340
331|1592080655947|1592080584|1592080582990129340
331|1592080786002|1592080584|1592080582990129340
331|1592081036049|1592080584|1592080582990129340
332|1592081198801|1592081197|1592081195754995947
332|1592081268852|1592081197|1592081195754995947
332|1592081398892|1592081197|1592081195754995947
332|1592081648938|1592081197|1592081195754995947
333|1592081811176|1592081810|1592081808726676334
333|1592081881231|1592081810|1592081808726676334
333|1592082011274|1592081810|1592081808726676334
333|1592082261324|1592081810|1592081808726676334
334|1592082424298|1592082423|1592082421652144467
334|1592082494348|1592082423|1592082421652144467
334|1592082624396|1592082423|1592082421652144467
334|1592082874444|1592082423|1592082421652144467
335|1592083037398|1592083036|1592083034822363265
335|1592083107442|1592083036|1592083034822363265
335|1592083237491|1592083036|1592083034822363265
335|1592083487536|1592083036|1592083034822363265
336|1592083651060|1592083650|1592083648498288940
336|1592083721125|1592083650|1592083648498288940
336|1592083851170|1592083650|1592083648498288940
336|1592084101221|1592083650|1592083648498288940
337|1592084264357|1592084263|1592084261114869447
337|1592084334406|1592084263|1592084261114869447
337|1592084464453|1592084263|1592084261114869447
337|1592084714512|1592084263|1592084261114869447
338|1592084876389|1592084875|1592084873885824319
338|1592084946431|1592084875|1592084873885824319
338|1592085076479|1592084875|1592084873885824319
338|1592085328041|1592084875|1592084873885824319
339|1592085490405|1592085489|1592085487913915325
339|1592085560444|1592085489|1592085487913915325
339|1592085690527|1592085489|1592085487913915325
339|1592085940574|1592085489|1592085487913915325
340|1592086104781|1592086103|1592086101081408641
340|1592086174828|1592086103|1592086101081408641
340|1592086304881|1592086103|1592086101081408641
340|1592086554932|1592086103|1592086101081408641
341|1592086717335|1592086716|1592086714705078540
341|1592086787380|1592086716|1592086714705078540
341|1592086917423|1592086716|1592086714705078540
341|1592087167468|1592086716|1592086714705078540
342|1592087331491|1592087330|1592087328252544086
342|1592087401533|1592087330|1592087328252544086
342|1592087531584|1592087330|1592087328252544086
342|1592087781634|1592087330|1592087328252544086
343|1592087944277|1592087942|1592087940886265493
343|1592088014323|1592087942|1592087940886265493
343|1592088144375|1592087942|1592087940886265493
343|1592088394420|1592087942|1592087940886265493
344|1592088556605|1592088555|1592088553472619202
344|1592088626653|1592088555|1592088553472619202
344|1592088756714|1592088555|1592088553472619202
344|1592089006748|1592088555|1592088553472619202
345|1592089168728|1592089168|1592089166304937932
345|1592089238762|1592089168|1592089166304937932
345|1592089368819|1592089168|1592089166304937932
345|1592089618862|1592089168|1592089166304937932
346|1592089782054|1592089781|1592089779567282223
346|1592089852095|1592089781|1592089779567282223
346|1592089982140|1592089781|1592089779567282223
346|1592090232201|1592089781|1592089779567282223
347|1592090395942|1592090394|1592090392829699732
347|1592090465987|1592090394|1592090392829699732
347|1592090596033|1592090394|1592090392829699732
347|1592090846094|1592090394|1592090392829699732
348|1592091009566|1592091008|1592091006472166846
348|1592091079617|1592091008|1592091006472166846
348|1592091209659|1592091008|1592091006472166846
348|1592091459712|1592091008|1592091006472166846
349|1592091622626|1592091621|1592091619474044309
349|1592091692680|1592091621|1592091619474044309
349|1592091822729|1592091621|1592091619474044309
349|1592092072772|1592091621|1592091619474044309
350|1592092235202|1592092234|1592092232687597551
350|1592092305246|1592092234|1592092232687597551
350|1592092435290|1592092234|1592092232687597551
350|1592092685353|1592092234|1592092232687597551
351|1592092847996|1592092847|1592092845451073442
351|1592092918082|1592092847|1592092845451073442
351|1592093048135|1592092847|1592092845451073442
351|1592093298174|1592092847|1592092845451073442
352|1592093461416|1592093460|1592093458458114939
352|1592093531489|1592093460|1592093458458114939
352|1592093661536|1592093460|1592093458458114939
352|1592093911584|1592093460|1592093458458114939
353|1592094074528|1592094073|1592094071461142239
353|1592094144577|1592094073|1592094071461142239
353|1592094274620|1592094073|1592094071461142239
353|1592094524669|1592094073|1592094071461142239
354|1592094686949|1592094686|1592094684395388454
354|1592094756998|1592094686|1592094684395388454
354|1592094887043|1592094686|1592094684395388454
354|1592095137095|1592094686|1592094684395388454
355|1592095299426|1592095298|1592095296981380568
355|1592095369472|1592095298|1592095296981380568
355|1592095499529|1592095298|1592095296981380568
355|1592095749576|1592095298|1592095296981380568
356|1592095914024|1592095912|1592095911277447799
356|1592095984072|1592095912|1592095911277447799
356|1592096114127|1592095912|1592095911277447799
356|1592096364178|1592095912|1592095911277447799
357|1592096527172|1592096525|1592096524280800179
357|1592096597240|1592096525|1592096524280800179
357|1592096727286|1592096525|1592096524280800179
357|1592096977336|1592096525|1592096524280800179
358|1592097141430|1592097138|1592097136754514050
358|1592097211476|1592097138|1592097136754514050
358|1592097341534|1592097138|1592097136754514050
358|1592097591567|1592097138|1592097136754514050
359|1592097752420|1592097751|1592097749762437139
359|1592097822469|1592097751|1592097749762437139
359|1592097952522|1592097751|1592097749762437139
359|1592098202563|1592097751|1592097749762437139
360|1592098365001|1592098363|1592098362578721996
360|1592098435050|1592098363|1592098362578721996
360|1592098565102|1592098363|1592098362578721996
360|1592098815144|1592098363|1592098362578721996
361|1592098977877|1592098977|1592098975346045595
361|1592099047942|1592098977|1592098975346045595
361|1592099177988|1592098977|1592098975346045595
361|1592099428038|1592098977|1592098975346045595
362|1592099590789|1592099589|1592099588352699407
362|1592099660830|1592099589|1592099588352699407
362|1592099790877|1592099589|1592099588352699407
362|1592100040926|1592099589|1592099588352699407
363|1592100204372|1592100202|1592100201146455294
363|1592100274415|1592100202|1592100201146455294
363|1592100404463|1592100202|1592100201146455294
363|1592100654514|1592100202|1592100201146455294
364|1592100816763|1592100815|1592100813726500996
364|1592100886804|1592100815|1592100813726500996
364|1592101016853|1592100815|1592100813726500996
364|1592101266899|1592100815|1592100813726500996
365|1592101429330|1592101427|1592101426317156433
365|1592101499380|1592101427|1592101426317156433
365|1592101629427|1592101427|1592101426317156433
365|1592101879472|1592101427|1592101426317156433
366|1592102041806|1592102041|1592102039288402247
366|1592102111863|1592102041|1592102039288402247
366|1592102241916|1592102041|1592102039288402247
366|1592102491954|1592102041|1592102039288402247
367|1592102654696|1592102653|1592102652239740006
367|1592102724737|1592102653|1592102652239740006
367|1592102854784|1592102653|1592102652239740006
367|1592103105675|1592102653|1592102652239740006
368|1592103268484|1592103267|1592103265987062309
368|1592103338542|1592103267|1592103265987062309
368|1592103468589|1592103267|1592103265987062309
368|1592103718641|1592103267|1592103265987062309
369|1592103882459|1592103881|1592103879949970036
369|1592103952503|1592103881|1592103879949970036
369|1592104082563|1592103881|1592103879949970036
369|1592104332604|1592103881|1592103879949970036
370|1592104495145|1592104493|1592104491989403333
370|1592104565188|1592104493|1592104491989403333
370|1592104695237|1592104493|1592104491989403333
370|1592104945286|1592104493|1592104491989403333
371|1592105107939|1592105105|1592105104750669345
371|1592105177981|1592105105|1592105104750669345
371|1592105308029|1592105105|1592105104750669345
371|1592105558082|1592105105|1592105104750669345
372|1592105720119|1592105719|1592105717573303964
372|1592105790154|1592105719|1592105717573303964
372|1592105920203|1592105719|1592105717573303964
372|1592106170253|1592105719|1592105717573303964
373|1592106333129|1592106331|1592106330629240628
373|1592106403179|1592106331|1592106330629240628
373|1592106533225|1592106331|1592106330629240628
373|1592106783298|1592106331|1592106330629240628
374|1592106946373|1592106945|1592106943879511322
374|1592107016418|1592106945|1592106943879511322
374|1592107146465|1592106945|1592106943879511322
374|1592107396516|1592106945|1592106943879511322
375|1592107560253|1592107558|1592107556811072484
375|1592107630304|1592107558|1592107556811072484
375|1592107760357|1592107558|1592107556811072484
375|1592108010403|1592107558|1592107556811072484
376|1592108172851|1592108171|1592108169588199204
376|1592108242892|1592108171|1592108169588199204
376|1592108372945|1592108171|1592108169588199204
376|1592108622998|1592108171|1592108169588199204
377|1592108784473|1592108783|1592108781949442891
377|1592108854518|1592108783|1592108781949442891
377|1592108984562|1592108783|1592108781949442891
377|1592109234617|1592108783|1592108781949442891
378|1592109397488|1592109396|1592109395001656935
378|1592109467536|1592109396|1592109395001656935
378|1592109597584|1592109396|1592109395001656935
378|1592109847631|1592109396|1592109395001656935
379|1592110010791|1592110009|1592110008368748946
379|1592110080826|1592110009|1592110008368748946
379|1592110210871|1592110009|1592110008368748946
379|1592110460922|1592110009|1592110008368748946
380|1592110624472|1592110623|1592110621984873013
380|1592110694527|1592110623|1592110621984873013
380|1592110824569|1592110623|1592110621984873013
380|1592111074614|1592110623|1592110621984873013
381|1592111237085|1592111236|1592111234625314372
381|1592111307130|1592111236|1592111234625314372
381|1592111437178|1592111236|1592111234625314372
381|1592111687235|1592111236|1592111234625314372
382|1592111851125|1592111848|1592111847319653918
382|1592111921169|1592111848|1592111847319653918
382|1592112051213|1592111848|1592111847319653918
382|1592112301270|1592111848|1592111847319653918
383|1592112463568|1592112461|1592112460294041933
383|1592112533611|1592112461|1592112460294041933
383|1592112663667|1592112461|1592112460294041933
383|1592112913715|1592112461|1592112460294041933
384|1592113077007|1592113075|1592113073305881446
384|1592113147053|1592113075|1592113073305881446
384|1592113277103|1592113075|1592113073305881446
384|1592113527151|1592113075|1592113073305881446
385|1592113688993|1592113687|1592113685850877988
385|1592113759940|1592113687|1592113685850877988
385|1592113889999|1592113687|1592113685850877988
385|1592114140029|1592113687|1592113685850877988
386|1592114300903|1592114300|1592114298425686271
386|1592114370959|1592114300|1592114298425686271
386|1592114501053|1592114300|1592114298425686271
386|1592114751095|1592114300|1592114298425686271
387|1592114913833|1592114913|1592114911398359501
387|1592114983888|1592114913|1592114911398359501
387|1592115113952|1592114913|1592114911398359501
387|1592115363999|1592114913|1592114911398359501
388|1592115526644|1592115525|1592115524186309409
388|1592115596685|1592115525|1592115524186309409
388|1592115726744|1592115525|1592115524186309409
388|1592115976784|1592115525|1592115524186309409
389|1592116139662|1592116138|1592116137149273683
389|1592116209710|1592116138|1592116137149273683
389|1592116339760|1592116138|1592116137149273683
389|1592116589815|1592116138|1592116137149273683
390|1592116752595|1592116751|1592116750155238913
390|1592116822634|1592116751|1592116750155238913
390|1592116952680|1592116751|1592116750155238913
390|1592117202725|1592116751|1592116750155238913
391|1592117365639|1592117364|1592117362626381864
391|1592117435682|1592117364|1592117362626381864
391|1592117565732|1592117364|1592117362626381864
391|1592117815779|1592117364|1592117362626381864
392|1592117983093|1592117981|1592117975409534282
392|1592118053135|1592117981|1592117975409534282
392|1592118183184|1592117981|1592117975409534282
392|1592118433227|1592117981|1592117975409534282
393|1592118590805|1592118589|1592118588279112631
393|1592118660852|1592118589|1592118588279112631
393|1592118790900|1592118589|1592118588279112631
393|1592119040944|1592118589|1592118588279112631
394|1592119203151|1592119201|1592119200690706709
394|1592119273195|1592119201|1592119200690706709
394|1592119403233|1592119201|1592119200690706709
394|1592119653297|1592119201|1592119200690706709
395|1592119816058|1592119815|1592119813569696651
395|1592119886104|1592119815|1592119813569696651
395|1592120016165|1592119815|1592119813569696651
395|1592120266203|1592119815|1592119813569696651
396|1592120431090|1592120430|1592120426200449613
396|1592120501138|1592120430|1592120426200449613
396|1592120631181|1592120430|1592120426200449613
396|1592120881228|1592120430|1592120426200449613
397|1592121042350|1592121040|1592121038759283331
397|1592121112394|1592121040|1592121038759283331
397|1592121242445|1592121040|1592121038759283331
397|1592121492495|1592121040|1592121038759283331
398|1592121654208|1592121653|1592121651723315805
398|1592121724253|1592121653|1592121651723315805
398|1592121854302|1592121653|1592121651723315805
398|1592122104346|1592121653|1592121651723315805
399|1592122267520|1592122266|1592122264456866604
399|1592122337565|1592122266|1592122264456866604
399|1592122467609|1592122266|1592122264456866604
399|1592122717663|1592122266|1592122264456866604
400|1592122879914|1592122878|1592122877269416831
400|1592122949961|1592122878|1592122877269416831
400|1592123080019|1592122878|1592122877269416831
400|1592123330062|1592122878|1592122877269416831
401|1592123492550|1592123490|1592123489662767814
401|1592123562595|1592123490|1592123489662767814
401|1592123692643|1592123490|1592123489662767814
401|1592123942696|1592123490|1592123489662767814
402|1592124105588|1592124104|1592124102431501609
402|1592124175638|1592124104|1592124102431501609
402|1592124305682|1592124104|1592124102431501609
402|1592124555729|1592124104|1592124102431501609
403|1592124718348|1592124716|1592124714763566966
403|1592124788392|1592124716|1592124714763566966
403|1592124918439|1592124716|1592124714763566966
403|1592125168485|1592124716|1592124714763566966
404|1592125330032|1592125328|1592125327496772146
404|1592125400090|1592125328|1592125327496772146
404|1592125530143|1592125328|1592125327496772146
404|1592125780183|1592125328|1592125327496772146
405|1592125942773|1592125942|1592125940285811707
405|1592126012819|1592125942|1592125940285811707
405|1592126142864|1592125942|1592125940285811707
405|1592126392908|1592125942|1592125940285811707
406|1592126556191|1592126555|1592126553677529575
406|1592126626238|1592126555|1592126553677529575
406|1592126756281|1592126555|1592126553677529575
406|1592127006330|1592126555|1592126553677529575
407|1592127169837|1592127167|1592127166444699792
407|1592127239873|1592127167|1592127166444699792
407|1592127369924|1592127167|1592127166444699792
407|1592127619976|1592127167|1592127166444699792
408|1592127781939|1592127781|1592127779427605940
408|1592127851972|1592127781|1592127779427605940
408|1592127982025|1592127781|1592127779427605940
408|1592128232071|1592127781|1592127779427605940
409|1592128394647|1592128393|1592128392227668651
409|1592128464690|1592128393|1592128392227668651
409|1592128594736|1592128393|1592128392227668651
409|1592128844784|1592128393|1592128392227668651
410|1592129008136|1592129006|1592129004808302967
410|1592129078175|1592129006|1592129004808302967
410|1592129208227|1592129006|1592129004808302967
410|1592129458264|1592129006|1592129004808302967
411|1592129620717|1592129618|1592129617554463510
411|1592129690759|1592129618|1592129617554463510
411|1592129820804|1592129618|1592129617554463510
411|1592130070858|1592129618|1592129617554463510
412|1592130232619|1592130231|1592130230113386401
412|1592130302674|1592130231|1592130230113386401
412|1592130432724|1592130231|1592130230113386401
412|1592130682766|1592130231|1592130230113386401
413|1592130846458|1592130845|1592130843931887475
413|1592130916501|1592130845|1592130843931887475
413|1592131046546|1592130845|1592130843931887475
413|1592131296592|1592130845|1592130843931887475
414|1592131459734|1592131457|1592131456656517603
414|1592131529786|1592131457|1592131456656517603
414|1592131659835|1592131457|1592131456656517603
414|1592131909941|1592131457|1592131456656517603
415|1592132072126|1592132070|1592132069638134395
415|1592132142179|1592132070|1592132069638134395
415|1592132272229|1592132070|1592132069638134395
415|1592132522267|1592132070|1592132069638134395
416|1592132685042|1592132684|1592132682570139972
416|1592132755095|1592132684|1592132682570139972
416|1592132885148|1592132684|1592132682570139972
416|1592133135192|1592132684|1592132682570139972
417|1592133298140|1592133297|1592133295559517616
417|1592133368188|1592133297|1592133295559517616
417|1592133498231|1592133297|1592133295559517616
417|1592133748284|1592133297|1592133295559517616
418|1592133911109|1592133909|1592133908589592259
418|1592133981159|1592133909|1592133908589592259
418|1592134111220|1592133909|1592133908589592259
418|1592134361267|1592133909|1592133908589592259
419|1592134523685|1592134522|1592134521145732224
419|1592134593727|1592134522|1592134521145732224
419|1592134723781|1592134522|1592134521145732224
419|1592134973823|1592134522|1592134521145732224
420|1592135136070|1592135135|1592135133522527423
420|1592135206115|1592135135|1592135133522527423
420|1592135336161|1592135135|1592135133522527423
420|1592135586214|1592135135|1592135133522527423
421|1592135750370|1592135748|1592135747321039846
421|1592135820416|1592135748|1592135747321039846
421|1592135950462|1592135748|1592135747321039846
421|1592136200509|1592135748|1592135747321039846
422|1592136364548|1592136362|1592136361049547148
422|1592136434596|1592136362|1592136361049547148
422|1592136564640|1592136362|1592136361049547148
422|1592136814701|1592136362|1592136361049547148
423|1592136977147|1592136975|1592136974411893513
423|1592137047190|1592136975|1592136974411893513
423|1592137177243|1592136975|1592136974411893513
423|1592137427300|1592136975|1592136974411893513
424|1592137589722|1592137588|1592137587189756191
424|1592137659774|1592137588|1592137587189756191
424|1592137789817|1592137588|1592137587189756191
424|1592138039869|1592137588|1592137587189756191
425|1592138202928|1592138201|1592138199941109143
425|1592138272975|1592138201|1592138199941109143
425|1592138403021|1592138201|1592138199941109143
425|1592138653068|1592138201|1592138199941109143
426|1592138815337|1592138814|1592138812809315269
426|1592138885380|1592138814|1592138812809315269
426|1592139015432|1592138814|1592138812809315269
426|1592139265492|1592138814|1592138812809315269
427|1592139430133|1592139428|1592139426977824175
427|1592139500172|1592139428|1592139426977824175
427|1592139630237|1592139428|1592139426977824175
427|1592139880296|1592139428|1592139426977824175
428|1592140044313|1592140041|1592140040674458547
428|1592140114354|1592140041|1592140040674458547
428|1592140244412|1592140041|1592140040674458547
428|1592140494445|1592140041|1592140040674458547
429|1592140656637|1592140654|1592140653467722149
429|1592140726684|1592140654|1592140653467722149
429|1592140856725|1592140654|1592140653467722149
429|1592141106768|1592140654|1592140653467722149
430|1592141268805|1592141268|1592141266273877548
430|1592141338851|1592141268|1592141266273877548
430|1592141468922|1592141268|1592141266273877548
430|1592141718974|1592141268|1592141266273877548
431|1592141887858|1592141885|1592141883901123690
431|1592141957909|1592141885|1592141883901123690
431|1592142087961|1592141885|1592141883901123690
431|1592142338005|1592141885|1592141883901123690
432|1592142499584|1592142497|1592142496584832942
432|1592142569635|1592142497|1592142496584832942
432|1592142699684|1592142497|1592142496584832942
432|1592142949732|1592142497|1592142496584832942
433|1592143111100|1592143110|1592143108596655251
433|1592143181153|1592143110|1592143108596655251
433|1592143311199|1592143110|1592143108596655251
433|1592143561248|1592143110|1592143108596655251
434|1592143725530|1592143724|1592143722073377347
434|1592143795581|1592143724|1592143722073377347
434|1592143925629|1592143724|1592143722073377347
434|1592144175676|1592143724|1592143722073377347
435|1592144348918|1592144341|1592144339609752679
435|1592144418965|1592144341|1592144339609752679
435|1592144549009|1592144341|1592144339609752679
435|1592144799065|1592144341|1592144339609752679
436|1592144954591|1592144953|1592144952079312448
436|1592145024640|1592144953|1592144952079312448
436|1592145154685|1592144953|1592144952079312448
436|1592145404734|1592144953|1592144952079312448
437|1592145568821|1592145567|1592145566280966595
437|1592145638865|1592145567|1592145566280966595
437|1592145768918|1592145567|1592145566280966595
437|1592146018953|1592145567|1592145566280966595
438|1592146192424|1592146189|1592146186014899630
438|1592146262458|1592146189|1592146186014899630
438|1592146392500|1592146189|1592146186014899630
438|1592146642556|1592146189|1592146186014899630
439|1592146802905|1592146801|1592146799804517370
439|1592146872951|1592146801|1592146799804517370
439|1592147003002|1592146801|1592146799804517370
439|1592147253065|1592146801|1592146799804517370
440|1592147415767|1592147414|1592147412193948337
440|1592147485822|1592147414|1592147412193948337
440|1592147615872|1592147414|1592147412193948337
440|1592147865924|1592147414|1592147412193948337
441|1592148027747|1592148026|1592148025249985409
441|1592148097797|1592148026|1592148025249985409
441|1592148227838|1592148026|1592148025249985409
441|1592148477888|1592148026|1592148025249985409
442|1592148640472|1592148638|1592148637449196346
442|1592148710534|1592148638|1592148637449196346
442|1592148840580|1592148638|1592148637449196346
442|1592149090630|1592148638|1592148637449196346
443|1592149253347|1592149252|1592149250257470958
443|1592149323397|1592149252|1592149250257470958
443|1592149453471|1592149252|1592149250257470958
443|1592149703520|1592149252|1592149250257470958
444|1592149866660|1592149865|1592149863488480285
444|1592149936690|1592149865|1592149863488480285
444|1592150066735|1592149865|1592149863488480285
444|1592150316787|1592149865|1592149863488480285
445|1592150478967|1592150477|1592150476476499006
445|1592150549013|1592150477|1592150476476499006
445|1592150679067|1592150477|1592150476476499006
445|1592150929121|1592150477|1592150476476499006
446|1592151091974|1592151091|1592151089424164664
446|1592151162016|1592151091|1592151089424164664
446|1592151292078|1592151091|1592151089424164664
446|1592151542114|1592151091|1592151089424164664
447|1592151704512|1592151703|1592151702082307149
447|1592151774559|1592151703|1592151702082307149
447|1592151904601|1592151703|1592151702082307149
447|1592152154654|1592151703|1592151702082307149
448|1592152317936|1592152316|1592152315399951418
448|1592152387977|1592152316|1592152315399951418
448|1592152518039|1592152316|1592152315399951418
448|1592152768095|1592152316|1592152315399951418
449|1592152938652|1592152937|1592152936149822030
449|1592153008699|1592152937|1592152936149822030
449|1592153138745|1592152937|1592152936149822030
449|1592153388798|1592152937|1592152936149822030
450|1592153551412|1592153550|1592153548908713240
450|1592153621456|1592153550|1592153548908713240
450|1592153751507|1592153550|1592153548908713240
450|1592154001552|1592153550|1592153548908713240
451|1592154164112|1592154162|1592154161669328486
451|1592154234155|1592154162|1592154161669328486
451|1592154364200|1592154162|1592154161669328486
451|1592154614245|1592154162|1592154161669328486
452|1592154777612|1592154776|1592154774636445657
452|1592154847662|1592154776|1592154774636445657
452|1592154977709|1592154776|1592154774636445657
452|1592155227754|1592154776|1592154774636445657
453|1592155390031|1592155389|1592155387588683957
453|1592155460082|1592155389|1592155387588683957
453|1592155590125|1592155389|1592155387588683957
453|1592155840171|1592155389|1592155387588683957
454|1592156002824|1592156001|1592156000350912205
454|1592156072872|1592156001|1592156000350912205
454|1592156202931|1592156001|1592156000350912205
454|1592156452966|1592156001|1592156000350912205
455|1592156616269|1592156615|1592156613453741185
455|1592156686313|1592156615|1592156613453741185
455|1592156816360|1592156615|1592156613453741185
455|1592157066410|1592156615|1592156613453741185
456|1592157229436|1592157227|1592157226542641028
456|1592157299479|1592157227|1592157226542641028
456|1592157429523|1592157227|1592157226542641028
456|1592157679574|1592157227|1592157226542641028
457|1592157841421|1592157840|1592157838956342758
457|1592157911468|1592157840|1592157838956342758
457|1592158041508|1592157840|1592157838956342758
457|1592158291559|1592157840|1592157838956342758
458|1592158454542|1592158453|1592158451975573759
458|1592158524598|1592158453|1592158451975573759
458|1592158654645|1592158453|1592158451975573759
458|1592158904688|1592158453|1592158451975573759
459|1592159067629|1592159065|1592159064815182391
459|1592159137671|1592159065|1592159064815182391
459|1592159267719|1592159065|1592159064815182391
459|1592159517766|1592159065|1592159064815182391
460|1592159681508|1592159680|1592159679049756183
460|1592159751566|1592159680|1592159679049756183
460|1592159881609|1592159680|1592159679049756183
460|1592160131654|1592159680|1592159679049756183
461|1592160297360|1592160294|1592160293433341297
461|1592160367402|1592160294|1592160293433341297
461|1592160497454|1592160294|1592160293433341297
461|1592160747515|1592160294|1592160293433341297
462|1592160912208|1592160910|1592160909488179195
462|1592160982248|1592160910|1592160909488179195
462|1592161112292|1592160910|1592160909488179195
462|1592161362345|1592160910|1592160909488179195
463|1592161524907|1592161524|1592161522433963360
463|1592161594955|1592161524|1592161522433963360
463|1592161725015|1592161524|1592161522433963360
463|1592161975044|1592161524|1592161522433963360
464|1592162139303|1592162137|1592162136221965451
464|1592162209341|1592162137|1592162136221965451
464|1592162339388|1592162137|1592162136221965451
464|1592162589439|1592162137|1592162136221965451
465|1592162753596|1592162751|1592162749768501006
465|1592162823631|1592162751|1592162749768501006
465|1592162953679|1592162751|1592162749768501006
465|1592163203767|1592162751|1592162749768501006
466|1592163366324|1592163365|1592163363741894338
466|1592163436373|1592163365|1592163363741894338
466|1592163566400|1592163365|1592163363741894338
466|1592163816437|1592163365|1592163363741894338
467|1592163979146|1592163976|1592163975287548693
467|1592164049187|1592163976|1592163975287548693
467|1592164179244|1592163976|1592163975287548693
467|1592164429282|1592163976|1592163975287548693
468|1592164590593|1592164589|1592164588065036235
468|1592164660645|1592164589|1592164588065036235
468|1592164790694|1592164589|1592164588065036235
468|1592165040741|1592164589|1592164588065036235
469|1592165204273|1592165202|1592165201143307220
469|1592165274325|1592165202|1592165201143307220
469|1592165404376|1592165202|1592165201143307220
469|1592165654412|1592165202|1592165201143307220
470|1592165822816|1592165822|1592165820282060306
470|1592165892851|1592165822|1592165820282060306
470|1592166022902|1592165822|1592165820282060306
470|1592166272949|1592165822|1592165820282060306
471|1592166442009|1592166440|1592166439543918628
471|1592166512057|1592166440|1592166439543918628
471|1592166642106|1592166440|1592166439543918628
471|1592166892158|1592166440|1592166439543918628
472|1592167058636|1592167057|1592167056110817384
472|1592167128720|1592167057|1592167056110817384
472|1592167258724|1592167057|1592167056110817384
472|1592167508805|1592167057|1592167056110817384
473|1592167671321|1592167670|1592167668372212117
473|1592167741366|1592167670|1592167668372212117
473|1592167871410|1592167670|1592167668372212117
473|1592168121457|1592167670|1592167668372212117
474|1592168284634|1592168282|1592168281500311190
474|1592168354666|1592168282|1592168281500311190
477|1592170121512|1592170120|1592170119063798871
478|1592170735221|1592170733|1592170732108228839
479|1592171348384|1592171347|1592171345370606787
480|1592171961600|1592171960|1592171958660744913
481|1592172574792|1592172574|1592172572281875866
482|1592173188659|1592173187|1592173186158679708
483|1592173801675|1592173800|1592173799228971965
484|1592174414648|1592174413|1592174412164715672
485|1592175026790|1592175026|1592175024208631269
486|1592175639623|1592175637|1592175636391801263
487|1592176252392|1592176251|1592176249396797628
488|1592176864990|1592176864|1592176862498377801
489|1592177479386|1592177478|1592177476070274440
490|1592178091050|1592178090|1592178088528624040
491|1592178704387|1592178703|1592178701503091650
492|1592179317623|1592179315|1592179314498655989
493|1592179930163|1592179928|1592179926877192959
494|1592180542339|1592180541|1592180539848398000
495|1592181155313|1592181154|1592181152857014571
496|1592181768254|1592181767|1592181765640604466
497|1592182381940|1592182380|1592182379016605506
498|1592182995330|1592182993|1592182992529771871
499|1592183607333|1592183606|1592183604923613846
500|1592184221260|1592184219|1592184218164131618
501|1592184834296|1592184833|1592184831691637750
502|1592185447584|1592185446|1592185444472336978
503|1592186059901|1592186059|1592186057493445060
504|1592186673600|1592186672|1592186671083451182
505|1592187287930|1592187286|1592187284771564481
506|1592187900075|1592187899|1592187897622518728
507|1592188513488|1592188512|1592188511009064198
508|1592189127789|1592189126|1592189124970257783
509|1592189740880|1592189739|1592189737820925016
510|1592190355470|1592190352|1592190351012764541
511|1592190967180|1592190965|1592190963841648752
512|1592191580261|1592191577|1592191576475094956
513|1592192192363|1592192191|1592192189490624107
514|1592192805201|1592192804|1592192802779136396
515|1592193420475|1592193419|1592193417243055542
516|1592194032797|1592194032|1592194030336916698
517|1592194646595|1592194644|1592194643296595993
518|1592195258326|1592195257|1592195255850018964
519|1592195872217|1592195870|1592195868840456694
520|1592196484402|1592196482|1592196481232822256
521|1592197097088|1592197096|1592197094205628083
522|1592197709925|1592197708|1592197707206270424
523|1592198322613|1592198321|1592198319946075070
524|1592198935376|1592198934|1592198932670821963
525|1592199548347|1592199547|1592199545762957516
526|1592200161828|1592200160|1592200158560992862
527|1592200773901|1592200772|1592200771327605702
528|1592201386827|1592201385|1592201384370649790
529|1592202000060|1592201999|1592201997652745567
530|1592202612348|1592202611|1592202609900066929
531|1592203225451|1592203224|1592203222973557676
532|1592203838809|1592203838|1592203836040812759
533|1592204452169|1592204450|1592204449162844670
534|1592205065295|1592205063|1592205062337379449
Parsing finished
